date,total_cases,new_cases,total_deaths,new_deaths,total_vaccinations
2021-01-01,13241727.0,47568.0,419114.0,1073.0,40669.0
2021-01-02,13281024.0,39297.0,420010.0,896.0,40669.0
2021-01-03,13320726.0,39702.0,420884.0,874.0,40669.0
2021-01-04,13366232.0,45506.0,422029.0,1145.0,48660.0
2021-01-05,13460578.0,94346.0,423906.0,1877.0,50103.0
2021-01-06,13564354.0,103776.0,425960.0,2054.0,50308.0
2021-01-07,13692700.0,128346.0,428312.0,2352.0,50308.0
2021-01-08,13789814.0,97114.0,430125.0,1813.0,118251.0
2021-01-09,13888500.0,98686.0,432149.0,2024.0,118251.0
2021-01-10,13950087.0,61587.0,433359.0,1210.0,118251.0
2021-01-11,14016377.0,66290.0,434743.0,1384.0,118251.0
2021-01-12,14118802.0,102425.0,436728.0,1985.0,118251.0
2021-01-13,14220655.0,101853.0,438845.0,2117.0,178575.0
2021-01-14,14330160.0,109505.0,440971.0,2126.0,185492.0
2021-01-15,14459181.0,129021.0,443049.0,2078.0,222849.0
2021-01-16,14563019.0,103838.0,445052.0,2003.0,222939.0
2021-01-17,14633595.0,70576.0,446554.0,1502.0,223051.0
2021-01-18,14687474.0,53879.0,448274.0,1720.0,235099.0
2021-01-19,14786461.0,98987.0,450651.0,2377.0,264825.0
2021-01-20,14904153.0,117692.0,453102.0,2451.0,338398.0
2021-01-21,15001410.0,97257.0,455623.0,2521.0,470213.0
2021-01-22,15103979.0,102569.0,457993.0,2370.0,594667.0
2021-01-23,15199705.0,95726.0,460387.0,2394.0,895063.0
2021-01-24,15267011.0,67306.0,462152.0,1765.0,965970.0
2021-01-25,15321389.0,54378.0,464009.0,1857.0,1064907.0
2021-01-26,15429130.0,107741.0,466770.0,2761.0,1228050.0
2021-01-27,15527042.0,97912.0,469284.0,2514.0,1521944.0
2021-01-28,15628556.0,101514.0,471812.0,2528.0,1853147.0
2021-01-29,15724104.0,95548.0,474444.0,2632.0,2086620.0
2021-01-30,15823179.0,99075.0,476776.0,2332.0,2444177.0
2021-01-31,15877836.0,54657.0,478635.0,1859.0,2515095.0
2021-02-01,15925451.0,47615.0,480464.0,1829.0,2576701.0
2021-02-02,16011095.0,85644.0,482919.0,2455.0,2760359.0
2021-02-03,16110634.0,99539.0,485474.0,2555.0,3185211.0
2021-02-04,16194464.0,83830.0,487772.0,2298.0,3960282.0
2021-02-05,16277157.0,82693.0,490576.0,2804.0,4131641.0
2021-02-06,16309078.0,31921.0,491624.0,1048.0,4513342.0
2021-02-07,16417234.0,108156.0,494232.0,2608.0,4704049.0
2021-02-08,16433349.0,16115.0,495598.0,1366.0,4999638.0
2021-02-09,16539064.0,105715.0,498992.0,3394.0,5481647.0
2021-02-10,16619362.0,80298.0,501330.0,2338.0,6101276.0
2021-02-11,16703528.0,84166.0,504089.0,2759.0,6721932.0
2021-02-12,16785159.0,81631.0,506645.0,2556.0,7292128.0
2021-02-13,16857776.0,72617.0,509035.0,2390.0,7784211.0
2021-02-14,16914015.0,56239.0,510875.0,1840.0,7909111.0
2021-02-15,16962278.0,48263.0,512541.0,1666.0,8245851.0
2021-02-16,17030908.0,68630.0,514786.0,2245.0,8790773.0
2021-02-17,17110254.0,79346.0,517115.0,2329.0,9257618.0
2021-02-18,17190940.0,80686.0,519904.0,2789.0,9800227.0
2021-02-19,17274971.0,84031.0,522562.0,2658.0,10351028.0
2021-02-20,17357779.0,82808.0,524804.0,2242.0,10715074.0
2021-02-21,17416393.0,58614.0,526612.0,1808.0,10880099.0
2021-02-22,17458845.0,42452.0,528188.0,1576.0,11106691.0
2021-02-23,17543007.0,84162.0,530682.0,2494.0,11524716.0
2021-02-24,17637855.0,94848.0,533199.0,2517.0,11925569.0
2021-02-25,17733606.0,95751.0,535926.0,2727.0,12358323.0
2021-02-26,17832798.0,99192.0,538538.0,2612.0,12855506.0
2021-02-27,17919846.0,87048.0,541000.0,2462.0,13206927.0
2021-02-28,17968065.0,48219.0,542707.0,1707.0,13376457.0
2021-03-01,18026103.0,58038.0,544713.0,2006.0,13616398.0
2021-03-02,18111492.0,85389.0,547020.0,2307.0,14294147.0
2021-03-03,18203448.0,91956.0,550142.0,3122.0,15159798.0
2021-03-04,18304962.0,101514.0,553076.0,2934.0,16102542.0
2021-03-05,18407118.0,102156.0,556199.0,3123.0,17034750.0
2021-03-06,18504072.0,96954.0,558553.0,2354.0,17209164.0
2021-03-07,18607163.0,103091.0,560701.0,2148.0,17418087.0
2021-03-08,18661411.0,54248.0,562579.0,1878.0,17874979.0
2021-03-09,18760289.0,98878.0,565826.0,3247.0,18498571.0
2021-03-10,18860970.0,100681.0,568814.0,2988.0,19348543.0
2021-03-11,18968131.0,107161.0,572132.0,3318.0,20476661.0
2021-03-12,19084874.0,116743.0,575407.0,3275.0,21651087.0
2021-03-13,19191051.0,106177.0,578384.0,2977.0,22264459.0
2021-03-14,19258187.0,67136.0,580446.0,2062.0,22485406.0
2021-03-15,19317552.0,59365.0,582745.0,2299.0,23556367.0
2021-03-16,19429272.0,111720.0,586868.0,4123.0,24232833.0
2021-03-17,19560848.0,131576.0,590520.0,3652.0,25627853.0
2021-03-18,19676311.0,115463.0,594277.0,3757.0,26576777.0
2021-03-19,19810464.0,134153.0,598639.0,4362.0,27502267.0
2021-03-20,19916872.0,106408.0,602100.0,3461.0,27905312.0
2021-03-21,20002228.0,85356.0,604087.0,1987.0,28086233.0
2021-03-22,20075425.0,73197.0,606448.0,2361.0,29067204.0
2021-03-23,20198149.0,122724.0,610799.0,4351.0,30668262.0
2021-03-24,20316853.0,118704.0,613905.0,3106.0,31890030.0
2021-03-25,20465329.0,148476.0,617915.0,4010.0,32952053.0
2021-03-26,20598716.0,133387.0,622915.0,5000.0,33993660.0
2021-03-27,20726934.0,128218.0,627347.0,4432.0,34764734.0
2021-03-28,20809231.0,82297.0,630505.0,3158.0,35106014.0
2021-03-29,20886319.0,77088.0,633545.0,3040.0,36023452.0
2021-03-30,21003564.0,117245.0,638336.0,4791.0,36804755.0
2021-03-31,21149540.0,145976.0,643640.0,5304.0,38418069.0
2021-04-01,21295479.0,145939.0,648714.0,5074.0,39011924.0
2021-04-02,21408858.0,113379.0,652716.0,4002.0,40785420.0
2021-04-03,21492739.0,83881.0,656201.0,3485.0,41251600.0
2021-04-04,21569264.0,76525.0,658659.0,2458.0,41454431.0
2021-04-05,21642108.0,72844.0,661175.0,2516.0,42848992.0
2021-04-06,21776120.0,134012.0,666774.0,5599.0,44254218.0
2021-04-07,21926285.0,150165.0,672058.0,5284.0,46361784.0
2021-04-08,22087381.0,161096.0,677977.0,5919.0,47840467.0
2021-04-09,22250300.0,162919.0,683292.0,5315.0,49244373.0
2021-04-10,22384990.0,134690.0,687723.0,4431.0,50473990.0
2021-04-11,22479160.0,94170.0,691286.0,3563.0,50805399.0
2021-04-12,22570170.0,91010.0,694425.0,3139.0,52192290.0
2021-04-13,22715680.0,145510.0,699814.0,5389.0,56310854.0
2021-04-14,22854434.0,138754.0,705106.0,5292.0,57873021.0
2021-04-15,22990913.0,136479.0,710448.0,5342.0,58426328.0
2021-04-16,23152325.0,161412.0,715399.0,4951.0,59091150.0
2021-04-17,23288379.0,136054.0,720346.0,4947.0,59496762.0
2021-04-18,23381531.0,93152.0,723246.0,2900.0,60919967.0
2021-04-19,23470911.0,89380.0,726654.0,3408.0,62178270.0
2021-04-20,23610671.0,139760.0,731514.0,4860.0,62763056.0
2021-04-21,23749030.0,138359.0,736844.0,5330.0,63609572.0
2021-04-22,23874505.0,125475.0,741172.0,4328.0,65149979.0
2021-04-23,24025461.0,150956.0,746700.0,5528.0,67836684.0
2021-04-24,24159002.0,133541.0,751321.0,4621.0,68849736.0
2021-04-25,24244480.0,85478.0,754610.0,3289.0,69343802.0
2021-04-26,24325791.0,81311.0,757874.0,3264.0,70734141.0
2021-04-27,24453775.0,127984.0,762703.0,4829.0,72611270.0
2021-04-28,24607245.0,153470.0,768091.0,5388.0,74073694.0
2021-04-29,24736782.0,129537.0,773357.0,5266.0,75665691.0
2021-04-30,24878216.0,141434.0,777639.0,4282.0,76998748.0
2021-05-01,24996530.0,118314.0,781915.0,4276.0,77778982.0
2021-05-02,25078677.0,82147.0,784772.0,2857.0,78141630.0
2021-05-03,25146545.0,67868.0,788258.0,3486.0,79309046.0
2021-05-04,25281788.0,135243.0,792854.0,4596.0,81085894.0
2021-05-05,25407492.0,125704.0,797656.0,4802.0,82515212.0
2021-05-06,25547287.0,139795.0,802217.0,4561.0,83423628.0
2021-05-07,25681088.0,133801.0,806429.0,4212.0,85156589.0
2021-05-08,25817951.0,136863.0,810634.0,4205.0,85480788.0
2021-05-09,25902706.0,84755.0,813350.0,2716.0,85629979.0
2021-05-10,25971551.0,68845.0,815855.0,2505.0,86871643.0
2021-05-11,26102109.0,130558.0,820213.0,4358.0,88365355.0
2021-05-12,26247010.0,144901.0,824496.0,4283.0,90046206.0
2021-05-13,26384475.0,137465.0,828833.0,4337.0,91883795.0
2021-05-14,26544779.0,160304.0,833170.0,4337.0,94256483.0
2021-05-15,26669175.0,124396.0,837138.0,3968.0,95470372.0
2021-05-16,26767811.0,98636.0,839837.0,2699.0,95822517.0
2021-05-17,26853935.0,86124.0,842608.0,2771.0,97179500.0
2021-05-18,26993962.0,140027.0,846855.0,4247.0,98715900.0
2021-05-19,27156160.0,162198.0,851612.0,4757.0,100247630.0
2021-05-20,27311920.0,155760.0,855651.0,4039.0,101851295.0
2021-05-21,27466766.0,154846.0,859973.0,4322.0,102493290.0
2021-05-22,27624543.0,157777.0,863851.0,3878.0,103220800.0
2021-05-23,27729564.0,105021.0,866488.0,2637.0,103601401.0
2021-05-24,27819555.0,89991.0,868625.0,2137.0,104261057.0
2021-05-25,27965390.0,145835.0,873080.0,4455.0,112861813.0
2021-05-26,28128926.0,163536.0,877119.0,4039.0,114501479.0
2021-05-27,28288479.0,159553.0,881373.0,4254.0,115865659.0
2021-05-28,28419647.0,131168.0,885481.0,4108.0,117703195.0
2021-05-29,28577096.0,157449.0,889309.0,3828.0,119512847.0
2021-05-30,28680035.0,102939.0,891846.0,2537.0,120147543.0
2021-05-31,28786883.0,106848.0,894636.0,2790.0,121442805.0
2021-06-01,28945334.0,158451.0,898853.0,4217.0,123231895.0
2021-06-02,29131361.0,186027.0,903750.0,4897.0,125031448.0
2021-06-03,29294950.0,163589.0,907064.0,3314.0,127382706.0
2021-06-04,29425952.0,131002.0,910865.0,3801.0,128728618.0
2021-06-05,29569633.0,143681.0,914237.0,3372.0,130165437.0
2021-06-06,29667474.0,97841.0,916414.0,2177.0,130968716.0
2021-06-07,29766129.0,98655.0,919460.0,3046.0,131713489.0
2021-06-08,29891135.0,125006.0,923674.0,4214.0,132801987.0
2021-06-09,30046084.0,154949.0,928207.0,4533.0,137094503.0
2021-06-10,30225563.0,179479.0,933320.0,5113.0,139076280.0
2021-06-11,30386544.0,160981.0,937444.0,4124.0,141802380.0
2021-06-12,30534015.0,147471.0,941007.0,3563.0,142814493.0
2021-06-13,30634559.0,100544.0,944015.0,3008.0,144644181.0
2021-06-14,30734455.0,99896.0,946477.0,2462.0,146138868.0
2021-06-15,30885017.0,150562.0,951079.0,4602.0,148301694.0
2021-06-16,31050317.0,165300.0,955728.0,4649.0,150340233.0
2021-06-17,31207198.0,156881.0,960174.0,4446.0,154628654.0
2021-06-18,31373932.0,166734.0,964270.0,4096.0,157266935.0
2021-06-19,31517079.0,143147.0,968177.0,3907.0,159602073.0
2021-06-20,31615064.0,97985.0,970711.0,2534.0,160627140.0
2021-06-21,31700335.0,85271.0,973374.0,2663.0,162818828.0
2021-06-22,31849486.0,149151.0,977310.0,3936.0,165699376.0
2021-06-23,32035885.0,186399.0,981660.0,4350.0,168367610.0
2021-06-24,32182423.0,146538.0,985346.0,3686.0,170772689.0
2021-06-25,32340857.0,158434.0,989483.0,4137.0,172024171.0
2021-06-26,32469543.0,128686.0,992567.0,3084.0,172856674.0
2021-06-27,32560949.0,91406.0,994754.0,2187.0,177285333.0
2021-06-28,32647360.0,86411.0,997278.0,2524.0,178368568.0
2021-06-29,32772980.0,125620.0,1000611.0,3333.0,181416092.0
2021-06-30,32881723.0,108743.0,1004715.0,4104.0,182720017.0
2021-07-01,33011787.0,130064.0,1008482.0,3767.0,187998632.0
2021-07-02,33136652.0,124865.0,1011994.0,3512.0,189284774.0
2021-07-03,33241598.0,104946.0,1014825.0,2831.0,190406197.0
2021-07-04,33319628.0,78030.0,1017409.0,2584.0,193741134.0
2021-07-05,33394107.0,74479.0,1019810.0,2401.0,197453487.0
2021-07-06,33515965.0,121858.0,1023035.0,3225.0,199169623.0
2021-07-07,33624179.0,108214.0,1026108.0,3073.0,203551460.0
2021-07-08,33731969.0,107790.0,1029358.0,3250.0,205929805.0
2021-07-09,33832899.0,100930.0,1031958.0,2600.0,208173055.0
2021-07-10,33927048.0,94149.0,1033722.0,1764.0,209619700.0
2021-07-11,33983066.0,56018.0,1036493.0,2771.0,212813611.0
2021-07-12,34041563.0,58497.0,1038554.0,2061.0,217232166.0
2021-07-13,34134079.0,92516.0,1041331.0,2777.0,219598409.0
2021-07-14,34236141.0,102062.0,1044266.0,2935.0,223546214.0
2021-07-15,34335597.0,99456.0,1047201.0,2935.0,227203167.0
2021-07-16,34424395.0,88798.0,1049920.0,2719.0,229286859.0
2021-07-17,34501209.0,76814.0,1051944.0,2024.0,232910325.0
2021-07-18,34566750.0,65541.0,1053812.0,1868.0,234085892.0
2021-07-19,34616050.0,49300.0,1055426.0,1614.0,236489628.0
2021-07-20,34676960.0,60910.0,1066628.0,2416.0,239417712.0
2021-07-21,34766158.0,89198.0,1069159.0,2531.0,242317941.0
2021-07-22,34849913.0,83755.0,1071616.0,2457.0,245994415.0
2021-07-23,34993771.0,143858.0,1073925.0,2309.0,248487072.0
2021-07-24,35060709.0,66938.0,1075903.0,1978.0,249843849.0
2021-07-25,35102457.0,41748.0,1077111.0,1208.0,251681402.0
2021-07-26,35146163.0,43706.0,1078639.0,1528.0,255167875.0
2021-07-27,35221508.0,75345.0,1080783.0,2144.0,258387190.0
2021-07-28,35299948.0,78440.0,1083149.0,2366.0,261284545.0
2021-07-29,35375906.0,75958.0,1086143.0,2994.0,264862828.0
2021-07-30,35443618.0,67712.0,1088077.0,1934.0,265995870.0
2021-07-31,35508526.0,64908.0,1089793.0,1716.0,270329918.0
2021-08-01,35549124.0,40598.0,1090850.0,1057.0,271238888.0
2021-08-02,35586292.0,37168.0,1091985.0,1135.0,272458581.0
2021-08-03,35645616.0,59324.0,1093810.0,1825.0,276965908.0
2021-08-04,35713912.0,68296.0,1096003.0,2193.0,280219017.0
2021-08-05,35781028.0,67116.0,1097949.0,1946.0,281636552.0
2021-08-06,35848881.0,67853.0,1099588.0,1639.0,284929363.0
2021-08-07,35912440.0,63559.0,1101054.0,1466.0,289095681.0
2021-08-08,35940511.0,28071.0,1101990.0,936.0,291304834.0
2021-08-09,35970470.0,29959.0,1103289.0,1299.0,292199183.0
2021-08-10,36025419.0,54949.0,1105032.0,1743.0,295946900.0
2021-08-11,36079130.0,53711.0,1106614.0,1582.0,299284207.0
2021-08-12,36143823.0,64693.0,1108377.0,1763.0,300734170.0
2021-08-13,36195206.0,51383.0,1109913.0,1536.0,301879410.0
2021-08-14,36240184.0,44978.0,1111236.0,1323.0,308651755.0
2021-08-15,36264929.0,24745.0,1111884.0,648.0,310526290.0
2021-08-16,36288102.0,23173.0,1112582.0,698.0,315063324.0
2021-08-17,36341410.0,53308.0,1114326.0,1744.0,318759651.0
2021-08-18,36400266.0,58856.0,1115929.0,1603.0,322171170.0
2021-08-19,36456176.0,55910.0,1117507.0,1578.0,325536597.0
2021-08-20,36505185.0,49009.0,1118852.0,1345.0,326951151.0
2021-08-21,36548008.0,42823.0,1119991.0,1139.0,328217852.0
2021-08-22,36570286.0,22278.0,1120677.0,686.0,332018489.0
2021-08-23,36599052.0,28766.0,1121556.0,879.0,334976272.0
2021-08-24,36645025.0,45973.0,1122877.0,1321.0,337412665.0
2021-08-25,36689793.0,44768.0,1124220.0,1343.0,340873538.0
2021-08-26,36734209.0,44416.0,1125574.0,1354.0,346447351.0
2021-08-27,36771726.0,37517.0,1126677.0,1103.0,354246066.0
2021-08-28,36807543.0,35817.0,1127692.0,1015.0,355621655.0
2021-08-29,36827298.0,19755.0,1128221.0,529.0,358064636.0
2021-08-30,36849969.0,22671.0,1129035.0,814.0,361466158.0
2021-08-31,36884568.0,34599.0,1130218.0,1183.0,362711275.0
2021-09-01,36922209.0,37641.0,1131322.0,1104.0,367673070.0
2021-09-02,36962059.0,39850.0,1132620.0,1298.0,370443835.0
2021-09-03,36995862.0,33803.0,1133870.0,1250.0,371634972.0
2021-09-04,37026233.0,30371.0,1134823.0,953.0,374426919.0
2021-09-05,37046966.0,20733.0,1135352.0,529.0,376596471.0
2021-09-06,37063409.0,16443.0,1135826.0,474.0,378768074.0
2021-09-07,37087903.0,24494.0,1136462.0,636.0,379704984.0
2021-09-08,37109952.0,22049.0,1137011.0,549.0,382921512.0
2021-09-09,37151904.0,41952.0,1138108.0,1097.0,386649995.0
2021-09-10,37176429.0,24525.0,1139151.0,1043.0,392309256.0
2021-09-11,37198611.0,22182.0,1140206.0,1055.0,395246752.0
2021-09-12,37214294.0,15683.0,1140707.0,501.0,396292958.0
2021-09-13,37226976.0,12682.0,1141286.0,579.0,397039121.0
2021-09-14,37248855.0,21879.0,1142307.0,1021.0,402196437.0
2021-09-15,37271759.0,22904.0,1143415.0,1108.0,405087471.0
2021-09-16,37314278.0,42519.0,1144390.0,975.0,407928306.0
2021-09-17,37334191.0,19913.0,1145044.0,654.0,409075285.0
2021-09-18,37491036.0,156845.0,1146225.0,1181.0,411874976.0
2021-09-19,37506446.0,15410.0,1146813.0,588.0,414190963.0
2021-09-20,37522058.0,15612.0,1147168.0,355.0,415103255.0
2021-09-21,37526910.0,4852.0,1147802.0,634.0,421214829.0
2021-09-22,37572221.0,45311.0,1148938.0,1136.0,422344825.0
2021-09-23,37603210.0,30989.0,1149794.0,856.0,427477921.0
2021-09-24,37631071.0,27861.0,1150726.0,932.0,428211533.0
2021-09-25,37654349.0,23278.0,1151417.0,691.0,430513682.0
2021-09-26,37666988.0,12639.0,1151844.0,427.0,432831166.0
2021-09-27,37688012.0,21024.0,1152285.0,441.0,436755139.0
2021-09-28,37712345.0,24333.0,1153281.0,996.0,438942142.0
2021-09-29,37738193.0,25848.0,1154188.0,907.0,440000811.0
2021-09-30,37771825.0,33632.0,1154951.0,763.0,443451336.0
