date,total_cases,new_cases,total_deaths,new_deaths,total_vaccinations
2021-01-01,612564.0,3591.0,16660.0,52.0,8656.0
2021-01-02,615902.0,3338.0,16724.0,64.0,8656.0
2021-01-03,618191.0,2289.0,16767.0,43.0,8656.0
2021-01-04,620641.0,2450.0,16767.0,0.0,9061.0
2021-01-05,623101.0,2460.0,16788.0,21.0,10504.0
2021-01-06,625483.0,2382.0,16816.0,28.0,10709.0
2021-01-07,629176.0,3693.0,16913.0,97.0,10709.0
2021-01-08,633381.0,4205.0,16974.0,61.0,10709.0
2021-01-09,637742.0,4361.0,17037.0,63.0,10709.0
2021-01-10,641923.0,4181.0,17096.0,59.0,10709.0
2021-01-11,645892.0,3969.0,17162.0,66.0,10709.0
2021-01-12,649135.0,3243.0,17182.0,20.0,10709.0
2021-01-13,652525.0,3390.0,17204.0,22.0,11742.0
2021-01-14,656712.0,4187.0,17294.0,90.0,18659.0
2021-01-15,661180.0,4468.0,17369.0,75.0,22090.0
2021-01-16,665493.0,4313.0,17435.0,66.0,22180.0
2021-01-17,669832.0,4339.0,17477.0,42.0,22180.0
2021-01-18,673750.0,3918.0,17547.0,70.0,33231.0
2021-01-19,677151.0,3401.0,17573.0,26.0,52596.0
2021-01-20,680740.0,3589.0,17594.0,21.0,61905.0
2021-01-21,685107.0,4367.0,17702.0,108.0,64962.0
2021-01-22,690066.0,4959.0,17786.0,84.0,65377.0
2021-01-23,694647.0,4581.0,17854.0,68.0,65377.0
2021-01-24,699110.0,4463.0,17933.0,79.0,65377.0
2021-01-25,703178.0,4068.0,17999.0,66.0,66797.0
2021-01-26,706500.0,3322.0,18023.0,24.0,67411.0
2021-01-27,709888.0,3388.0,18040.0,17.0,67446.0
2021-01-28,714143.0,4255.0,18174.0,134.0,67446.0
2021-01-29,718749.0,4606.0,18257.0,83.0,67451.0
2021-01-30,722900.0,4151.0,18339.0,82.0,67452.0
2021-01-31,727109.0,4209.0,18452.0,113.0,67452.0
2021-02-01,730888.0,3779.0,18537.0,85.0,67452.0
2021-02-02,734035.0,3147.0,18559.0,22.0,80642.0
2021-02-03,736645.0,2610.0,18576.0,17.0,251027.0
2021-02-04,740237.0,3592.0,18731.0,155.0,427180.0
2021-02-05,744019.0,3782.0,18808.0,77.0,596687.0
2021-02-06,748082.0,4063.0,18895.0,87.0,624545.0
2021-02-07,751886.0,3804.0,18974.0,79.0,633185.0
2021-02-08,755350.0,3464.0,19056.0,82.0,866484.0
2021-02-09,758189.0,2839.0,19084.0,28.0,1128383.0
2021-02-10,760576.0,2387.0,19105.0,21.0,1409174.0
2021-02-11,764307.0,3731.0,19262.0,157.0,1663470.0
2021-02-12,768471.0,4164.0,19345.0,83.0,1892963.0
2021-02-13,772396.0,3925.0,19443.0,98.0,1922522.0
2021-02-14,776209.0,3813.0,19541.0,98.0,1926990.0
2021-02-15,779541.0,3332.0,19624.0,83.0,2192867.0
2021-02-16,782039.0,2498.0,19644.0,20.0,2412959.0
2021-02-17,784314.0,2275.0,19659.0,15.0,2601013.0
2021-02-18,788142.0,3828.0,19798.0,139.0,2756292.0
2021-02-19,791939.0,3797.0,19897.0,99.0,2898430.0
2021-02-20,795845.0,3906.0,19974.0,77.0,2908072.0
2021-02-21,799460.0,3615.0,20042.0,68.0,2909234.0
2021-02-22,803009.0,3549.0,20126.0,84.0,3017369.0
2021-02-23,805317.0,2308.0,20151.0,25.0,3111613.0
2021-02-24,807872.0,2555.0,20173.0,22.0,3197890.0
2021-02-25,812344.0,4472.0,20310.0,137.0,3283976.0
2021-02-26,816929.0,4585.0,20400.0,90.0,3362378.0
2021-02-27,821418.0,4489.0,20476.0,76.0,3372426.0
2021-02-28,824625.0,3207.0,20572.0,96.0,3372781.0
2021-03-01,829770.0,5145.0,20660.0,88.0,3510354.0
2021-03-02,832512.0,2742.0,20684.0,24.0,3681737.0
2021-03-03,835552.0,3040.0,20704.0,20.0,3993701.0
2021-03-04,840119.0,4567.0,20838.0,134.0,4304323.0
2021-03-05,845450.0,5331.0,20928.0,90.0,4602303.0
2021-03-06,850483.0,5033.0,21008.0,80.0,4636091.0
2021-03-07,855785.0,5302.0,21077.0,69.0,4644057.0
2021-03-08,860533.0,4748.0,21163.0,86.0,4994797.0
2021-03-09,864064.0,3531.0,21182.0,19.0,5371427.0
2021-03-10,867949.0,3885.0,21206.0,24.0,5772867.0
2021-03-11,873512.0,5563.0,21362.0,156.0,6190029.0
2021-03-12,879485.0,5973.0,21451.0,89.0,6564509.0
2021-03-13,885379.0,5894.0,21574.0,123.0,6614984.0
2021-03-14,891110.0,5731.0,21674.0,100.0,6621573.0
2021-03-15,896231.0,5121.0,21772.0,98.0,7051952.0
2021-03-16,900782.0,4551.0,21789.0,17.0,7462288.0
2021-03-17,904212.0,3430.0,21816.0,27.0,7829673.0
2021-03-18,911469.0,7257.0,21988.0,172.0,8164714.0
2021-03-19,918053.0,6584.0,22087.0,99.0,8459401.0
2021-03-20,925089.0,7036.0,22180.0,93.0,8493606.0
2021-03-21,931939.0,6850.0,22279.0,99.0,8497631.0
2021-03-22,938094.0,6155.0,22359.0,80.0,8766437.0
2021-03-23,942958.0,4864.0,22384.0,25.0,9007381.0
2021-03-24,947783.0,4825.0,22402.0,18.0,9226510.0
2021-03-25,954843.0,7060.0,22524.0,122.0,9439243.0
2021-03-26,962321.0,7478.0,22587.0,63.0,9656992.0
2021-03-27,969913.0,7592.0,22653.0,66.0,9672686.0
2021-03-28,977243.0,7330.0,22754.0,101.0,9674079.0
2021-03-29,984484.0,7241.0,23070.0,316.0,9940895.0
2021-03-30,989492.0,5008.0,23107.0,37.0,10219629.0
2021-03-31,995538.0,6046.0,23135.0,28.0,10500018.0
2021-04-01,1003406.0,7868.0,23328.0,193.0,10803420.0
2021-04-02,1011485.0,8079.0,23421.0,93.0,10810463.0
2021-04-03,1019478.0,7993.0,23524.0,103.0,10813692.0
2021-04-04,1026785.0,7307.0,23644.0,120.0,10814817.0
2021-04-05,1032612.0,5827.0,23677.0,33.0,11099702.0
2021-04-06,1037780.0,5168.0,23734.0,57.0,11339600.0
2021-04-07,1043022.0,5242.0,23796.0,62.0,11572952.0
2021-04-08,1051270.0,8248.0,23979.0,183.0,11812559.0
2021-04-09,1060421.0,9151.0,24108.0,129.0,12031565.0
2021-04-10,1068522.0,8101.0,24213.0,105.0,12057599.0
2021-04-11,1076499.0,7977.0,24346.0,133.0,12060053.0
2021-04-12,1082920.0,6421.0,24483.0,137.0,12297130.0
2021-04-13,1088710.0,5790.0,24518.0,35.0,12532523.0
2021-04-14,1094267.0,5557.0,24548.0,30.0,12762086.0
2021-04-15,1101698.0,7431.0,24766.0,218.0,12969332.0
2021-04-16,1109311.0,7613.0,24923.0,157.0,13163637.0
2021-04-17,1117348.0,8037.0,25055.0,132.0,13185934.0
2021-04-18,1124718.0,7370.0,25177.0,122.0,13188575.0
2021-04-19,1131340.0,6622.0,25277.0,100.0,13383695.0
2021-04-20,1136189.0,4849.0,25317.0,40.0,13573101.0
2021-04-21,1141403.0,5214.0,25353.0,36.0,13750740.0
2021-04-22,1148320.0,6917.0,25532.0,179.0,13951509.0
2021-04-23,1155902.0,7582.0,25641.0,109.0,14135194.0
2021-04-24,1162811.0,6909.0,25742.0,101.0,14152882.0
2021-04-25,1169536.0,6725.0,25856.0,114.0,14153925.0
2021-04-26,1175614.0,6078.0,25975.0,119.0,14350671.0
2021-04-27,1179772.0,4158.0,26020.0,45.0,14522246.0
2021-04-28,1184271.0,4499.0,26073.0,53.0,14691416.0
2021-04-29,1190991.0,6720.0,26247.0,174.0,14846856.0
2021-04-30,1198245.0,7254.0,26353.0,106.0,14934742.0
2021-05-01,1203755.0,5510.0,26457.0,104.0,14937043.0
2021-05-02,1210920.0,7165.0,26561.0,104.0,14938509.0
2021-05-03,1215815.0,4895.0,26659.0,98.0,15090422.0
2021-05-04,1219064.0,3249.0,26696.0,37.0,15260158.0
2021-05-05,1222949.0,3885.0,26726.0,30.0,15435377.0
2021-05-06,1229248.0,6299.0,26895.0,169.0,15593686.0
2021-05-07,1235778.0,6530.0,27004.0,109.0,15741689.0
2021-05-08,1241976.0,6198.0,27101.0,97.0,15767287.0
2021-05-09,1247469.0,5493.0,27218.0,117.0,15768693.0
2021-05-10,1252808.0,5339.0,27318.0,100.0,15942443.0
2021-05-11,1256546.0,3738.0,27356.0,38.0,16135238.0
2021-05-12,1260448.0,3902.0,27384.0,28.0,16318626.0
2021-05-13,1266601.0,6153.0,27520.0,136.0,16476343.0
2021-05-14,1273516.0,6915.0,27647.0,127.0,16635855.0
2021-05-15,1280252.0,6736.0,27734.0,87.0,16637313.0
2021-05-16,1286548.0,6296.0,27832.0,98.0,16637749.0
2021-05-17,1292096.0,5548.0,27934.0,102.0,16809442.0
2021-05-18,1295862.0,3766.0,27965.0,31.0,16993266.0
2021-05-19,1300629.0,4767.0,27997.0,32.0,17160304.0
2021-05-20,1308311.0,7682.0,28169.0,172.0,17352181.0
2021-05-21,1315913.0,7602.0,28290.0,121.0,17361848.0
2021-05-22,1323413.0,7500.0,28386.0,96.0,17394969.0
2021-05-23,1329918.0,6505.0,28518.0,132.0,17399254.0
2021-05-24,1335261.0,5343.0,28548.0,30.0,17636270.0
2021-05-25,1339421.0,4160.0,28585.0,37.0,17883084.0
2021-05-26,1344618.0,5197.0,28624.0,39.0,18112154.0
2021-05-27,1352723.0,8105.0,28809.0,185.0,18315407.0
2021-05-28,1361381.0,8658.0,28928.0,119.0,18501769.0
2021-05-29,1369597.0,8216.0,29047.0,119.0,18549161.0
2021-05-30,1377507.0,7910.0,29168.0,121.0,18559255.0
2021-05-31,1384346.0,6839.0,29300.0,132.0,18774972.0
2021-06-01,1389357.0,5011.0,29344.0,44.0,18996395.0
2021-06-02,1394973.0,5616.0,29385.0,41.0,19200632.0
2021-06-03,1403101.0,8128.0,29598.0,213.0,19364473.0
2021-06-04,1411346.0,8245.0,29696.0,98.0,19509705.0
2021-06-05,1420266.0,8920.0,29816.0,120.0,19547438.0
2021-06-06,1427956.0,7690.0,29937.0,121.0,19552439.0
2021-06-07,1434884.0,6928.0,30058.0,121.0,19733905.0
2021-06-08,1440417.0,5533.0,30104.0,46.0,19918715.0
2021-06-09,1445768.0,5351.0,30141.0,37.0,20112432.0
2021-06-10,1453477.0,7709.0,30339.0,198.0,20315580.0
2021-06-11,1461419.0,7942.0,30472.0,133.0,20494611.0
2021-06-12,1468992.0,7573.0,30579.0,107.0,20527126.0
2021-06-13,1476473.0,7481.0,30707.0,128.0,20529193.0
2021-06-14,1482663.0,6190.0,30804.0,97.0,20750924.0
2021-06-15,1487239.0,4576.0,30865.0,61.0,20961741.0
2021-06-16,1491561.0,4322.0,30922.0,57.0,21188714.0
2021-06-17,1498231.0,6670.0,31140.0,218.0,21372755.0
2021-06-18,1505001.0,6770.0,31259.0,119.0,21480051.0
2021-06-19,1511275.0,6274.0,31392.0,133.0,21516780.0
2021-06-20,1517018.0,5743.0,31513.0,121.0,21520735.0
2021-06-21,1522223.0,5205.0,31645.0,132.0,21540469.0
2021-06-22,1525933.0,3710.0,31690.0,45.0,21849392.0
2021-06-23,1528409.0,2476.0,31746.0,56.0,22101073.0
2021-06-24,1531872.0,3463.0,31797.0,51.0,22354324.0
2021-06-25,1537471.0,5599.0,32012.0,215.0,22565603.0
2021-06-26,1542642.0,5171.0,32163.0,151.0,22618508.0
2021-06-27,1547103.0,4461.0,32298.0,135.0,22624175.0
2021-06-28,1551137.0,4034.0,32454.0,156.0,22629781.0
2021-06-29,1553774.0,2637.0,32489.0,35.0,22879273.0
2021-06-30,1555902.0,2128.0,32545.0,56.0,23084321.0
2021-07-01,1558557.0,2655.0,32588.0,43.0,23267145.0
2021-07-02,1562613.0,4056.0,32809.0,221.0,23408974.0
2021-07-03,1566461.0,3848.0,32973.0,164.0,23446956.0
2021-07-04,1569784.0,3323.0,33103.0,130.0,23451465.0
2021-07-05,1572608.0,2824.0,33249.0,146.0,23606552.0
2021-07-06,1574465.0,1857.0,33288.0,39.0,23736878.0
2021-07-07,1576336.0,1871.0,33328.0,40.0,23899043.0
2021-07-08,1579591.0,3255.0,33514.0,186.0,24055713.0
2021-07-09,1582391.0,2800.0,33636.0,122.0,24195231.0
2021-07-10,1585160.0,2769.0,33767.0,131.0,24238653.0
2021-07-11,1587478.0,2318.0,33877.0,110.0,24243762.0
2021-07-12,1589623.0,2145.0,33980.0,103.0,24423540.0
2021-07-13,1590887.0,1264.0,34016.0,36.0,24607593.0
2021-07-14,1592130.0,1243.0,34049.0,33.0,24770515.0
2021-07-15,1594496.0,2366.0,34207.0,158.0,24937899.0
2021-07-16,1596549.0,2053.0,34309.0,102.0,24942728.0
2021-07-17,1598481.0,1932.0,34403.0,94.0,24966620.0
2021-07-18,1599879.0,1398.0,34514.0,111.0,24968854.0
2021-07-19,1600883.0,1004.0,34539.0,25.0,25092210.0
2021-07-20,1601858.0,975.0,34569.0,30.0,25226636.0
2021-07-21,1602854.0,996.0,34611.0,42.0,25331497.0
2021-07-22,1604713.0,1859.0,34792.0,181.0,25409920.0
2021-07-23,1606358.0,1645.0,34875.0,83.0,25526027.0
2021-07-24,1607749.0,1391.0,34958.0,83.0,25560649.0
2021-07-25,1609177.0,1428.0,35026.0,68.0,25563612.0
2021-07-26,1610345.0,1168.0,35119.0,93.0,25620410.0
2021-07-27,1611090.0,745.0,35151.0,32.0,25671504.0
2021-07-28,1611917.0,827.0,35176.0,25.0,25706685.0
2021-07-29,1613288.0,1371.0,35295.0,119.0,25797013.0
2021-07-30,1614629.0,1341.0,35366.0,71.0,25873804.0
2021-07-31,1615771.0,1142.0,35448.0,82.0,25885011.0
2021-08-01,1616942.0,1171.0,35528.0,80.0,25885481.0
2021-08-02,1617852.0,910.0,35616.0,88.0,26009712.0
2021-08-03,1618457.0,605.0,35640.0,24.0,26148763.0
2021-08-04,1619183.0,726.0,35671.0,31.0,26213493.0
2021-08-05,1620389.0,1206.0,35806.0,135.0,26259802.0
2021-08-06,1621571.0,1182.0,35880.0,74.0,26294517.0
2021-08-07,1622509.0,938.0,35951.0,71.0,26295685.0
2021-08-08,1623363.0,854.0,36016.0,65.0,26295762.0
2021-08-09,1624316.0,953.0,36107.0,91.0,26394104.0
2021-08-10,1624823.0,507.0,36138.0,31.0,26481887.0
2021-08-11,1625467.0,644.0,36157.0,19.0,26672789.0
2021-08-12,1626595.0,1128.0,36243.0,86.0,26844560.0
2021-08-13,1627428.0,833.0,36287.0,44.0,26992882.0
2021-08-14,1628293.0,865.0,36331.0,44.0,26997653.0
2021-08-15,1629192.0,899.0,36380.0,49.0,26998165.0
2021-08-16,1629932.0,740.0,36420.0,40.0,27217383.0
2021-08-17,1630330.0,398.0,36438.0,18.0,27456843.0
2021-08-18,1630831.0,501.0,36456.0,18.0,27647197.0
2021-08-19,1631689.0,858.0,36524.0,68.0,27817018.0
2021-08-20,1632441.0,752.0,36566.0,42.0,27967116.0
2021-08-21,1633153.0,712.0,36605.0,39.0,27973577.0
2021-08-22,1633816.0,663.0,36650.0,45.0,27974885.0
2021-08-23,1634394.0,578.0,36688.0,38.0,28094025.0
2021-08-24,1634774.0,380.0,36701.0,13.0,28212782.0
2021-08-25,1635173.0,399.0,36718.0,17.0,28325934.0
2021-08-26,1635958.0,785.0,36778.0,60.0,28510275.0
2021-08-27,1636627.0,669.0,36807.0,29.0,28643667.0
2021-08-28,1637234.0,607.0,36841.0,34.0,28647921.0
2021-08-29,1637829.0,595.0,36885.0,44.0,28648778.0
2021-08-30,1638330.0,501.0,36923.0,38.0,28842543.0
2021-08-31,1638675.0,345.0,36937.0,14.0,29045708.0
2021-09-01,1639123.0,448.0,36945.0,8.0,29202778.0
2021-09-02,1639698.0,575.0,36995.0,50.0,29343133.0
2021-09-03,1640192.0,494.0,37041.0,46.0,29445145.0
2021-09-04,1640666.0,474.0,37067.0,26.0,29447822.0
2021-09-05,1641091.0,425.0,37090.0,23.0,29448111.0
2021-09-06,1641526.0,435.0,37108.0,18.0,29602774.0
2021-09-07,1641791.0,265.0,37115.0,7.0,29785508.0
2021-09-08,1642146.0,355.0,37122.0,7.0,29936100.0
2021-09-09,1642646.0,500.0,37159.0,37.0,30073501.0
2021-09-10,1643156.0,510.0,37178.0,19.0,30208409.0
2021-09-11,1643630.0,474.0,37201.0,23.0,30211754.0
2021-09-12,1644071.0,441.0,37232.0,31.0,30212050.0
2021-09-13,1644540.0,469.0,37253.0,21.0,30404408.0
2021-09-14,1644832.0,292.0,37253.0,0.0,30583554.0
2021-09-15,1645233.0,401.0,37261.0,8.0,30724164.0
2021-09-16,1645820.0,587.0,37293.0,32.0,30790740.0
2021-09-17,1646403.0,583.0,37318.0,25.0,30790922.0
2021-09-18,1646994.0,591.0,37339.0,21.0,30790938.0
2021-09-19,1647469.0,475.0,37359.0,20.0,30790943.0
2021-09-20,1647746.0,277.0,37367.0,8.0,30936497.0
2021-09-21,1648026.0,280.0,37374.0,7.0,31095039.0
2021-09-22,1648550.0,524.0,37379.0,5.0,31261576.0
2021-09-23,1649409.0,859.0,37410.0,31.0,31405259.0
2021-09-24,1650238.0,829.0,37423.0,13.0,31554019.0
2021-09-25,1650985.0,747.0,37432.0,9.0,31556741.0
2021-09-26,1651750.0,765.0,37440.0,8.0,31557064.0
2021-09-27,1652364.0,614.0,37445.0,5.0,31755508.0
2021-09-28,1652795.0,431.0,37449.0,4.0,31987852.0
2021-09-29,1653406.0,611.0,37455.0,6.0,32208146.0
2021-09-30,1654264.0,858.0,37468.0,13.0,32406458.0
