date,total_cases,new_cases,total_deaths,new_deaths,total_vaccinations
2021-01-01,123950.0,1798.0,2728.0,31.0,11568.0
2021-01-02,124343.0,393.0,2774.0,46.0,11972.0
2021-01-03,125086.0,743.0,2803.0,29.0,12524.0
2021-01-04,125858.0,772.0,2838.0,35.0,13610.0
2021-01-05,128370.0,2512.0,2868.0,30.0,16072.0
2021-01-06,131724.0,3354.0,2899.0,31.0,21433.0
2021-01-07,134545.0,2821.0,2922.0,23.0,26912.0
2021-01-08,136629.0,2084.0,2947.0,25.0,30154.0
2021-01-09,138518.0,1889.0,2973.0,26.0,30408.0
2021-01-10,139281.0,763.0,2998.0,25.0,30409.0
2021-01-11,139713.0,432.0,3022.0,24.0,30888.0
2021-01-12,141587.0,1874.0,3053.0,31.0,32758.0
2021-01-13,143679.0,2092.0,3070.0,17.0,37474.0
2021-01-14,145472.0,1793.0,3093.0,23.0,44202.0
2021-01-15,147016.0,1544.0,3121.0,28.0,49059.0
2021-01-16,148556.0,1540.0,3140.0,19.0,49382.0
2021-01-17,149125.0,569.0,3180.0,40.0,49386.0
2021-01-18,149424.0,299.0,3206.0,26.0,49526.0
2021-01-19,151137.0,1713.0,3231.0,25.0,51292.0
2021-01-20,152851.0,1714.0,3257.0,26.0,54667.0
2021-01-21,154306.0,1455.0,3284.0,27.0,58110.0
2021-01-22,155752.0,1446.0,3309.0,25.0,59910.0
2021-01-23,157293.0,1541.0,3329.0,20.0,60400.0
2021-01-24,157830.0,537.0,3360.0,31.0,60468.0
2021-01-25,158131.0,301.0,3379.0,19.0,60474.0
2021-01-26,159812.0,1681.0,3406.0,27.0,61519.0
2021-01-27,161662.0,1850.0,3425.0,19.0,65045.0
2021-01-28,163235.0,1573.0,3448.0,23.0,69936.0
2021-01-29,164529.0,1294.0,3468.0,20.0,73173.0
2021-01-30,165887.0,1358.0,3490.0,22.0,73279.0
2021-01-31,166473.0,586.0,3503.0,13.0,73282.0
2021-02-01,166836.0,363.0,3522.0,19.0,73340.0
2021-02-02,168486.0,1650.0,3541.0,19.0,74162.0
2021-02-03,170101.0,1615.0,3564.0,23.0,77822.0
2021-02-04,171340.0,1239.0,3580.0,16.0,83591.0
2021-02-05,172299.0,959.0,3595.0,15.0,88194.0
2021-02-06,173201.0,902.0,3612.0,17.0,88700.0
2021-02-07,173702.0,501.0,3623.0,11.0,88700.0
2021-02-08,174000.0,298.0,3635.0,12.0,89098.0
2021-02-09,174364.0,364.0,3654.0,19.0,89213.0
2021-02-10,175795.0,1431.0,3667.0,13.0,92270.0
2021-02-11,177140.0,1345.0,3677.0,10.0,100713.0
2021-02-12,178133.0,993.0,3692.0,15.0,109092.0
2021-02-13,179148.0,1015.0,3705.0,13.0,109974.0
2021-02-14,179477.0,329.0,3717.0,12.0,110001.0
2021-02-15,179780.0,303.0,3728.0,11.0,110083.0
2021-02-16,180520.0,740.0,3733.0,5.0,111188.0
2021-02-17,181606.0,1086.0,3745.0,12.0,116613.0
2021-02-18,182484.0,878.0,3755.0,10.0,125589.0
2021-02-19,183396.0,912.0,3762.0,7.0,132238.0
2021-02-20,184352.0,956.0,3769.0,7.0,134776.0
2021-02-21,184767.0,415.0,3776.0,7.0,134776.0
2021-02-22,185014.0,247.0,3784.0,8.0,135250.0
2021-02-23,185916.0,902.0,3792.0,8.0,136784.0
2021-02-24,187005.0,1089.0,3802.0,10.0,143736.0
2021-02-25,187762.0,757.0,3809.0,7.0,154691.0
2021-02-26,188676.0,914.0,3823.0,14.0,162368.0
2021-02-27,189627.0,951.0,3836.0,13.0,163297.0
2021-02-28,190081.0,454.0,3836.0,0.0,163298.0
2021-03-01,190324.0,243.0,3854.0,18.0,164434.0
2021-03-02,191056.0,732.0,3863.0,9.0,166596.0
2021-03-03,192266.0,1210.0,3874.0,11.0,173952.0
2021-03-04,193285.0,1019.0,3878.0,4.0,184812.0
2021-03-05,194165.0,880.0,3882.0,4.0,194487.0
2021-03-06,195086.0,921.0,3888.0,6.0,196414.0
2021-03-07,195468.0,382.0,3891.0,3.0,196415.0
2021-03-08,195678.0,210.0,3897.0,6.0,198187.0
2021-03-09,196421.0,743.0,3904.0,7.0,202331.0
2021-03-10,197374.0,953.0,3908.0,4.0,211617.0
2021-03-11,198234.0,860.0,3918.0,10.0,224780.0
2021-03-12,199004.0,770.0,3926.0,8.0,238045.0
2021-03-13,199854.0,850.0,3929.0,3.0,246395.0
2021-03-14,200374.0,520.0,3934.0,5.0,246396.0
2021-03-15,200579.0,205.0,3938.0,4.0,247868.0
2021-03-16,201497.0,918.0,3941.0,3.0,248839.0
2021-03-17,202573.0,1076.0,3948.0,7.0,254274.0
2021-03-18,203544.0,971.0,3951.0,3.0,263358.0
2021-03-19,204482.0,938.0,3961.0,10.0,270545.0
2021-03-20,205509.0,1027.0,3967.0,6.0,274761.0
2021-03-21,206026.0,517.0,3972.0,5.0,274762.0
2021-03-22,206317.0,291.0,3976.0,4.0,275885.0
2021-03-23,207298.0,981.0,3985.0,9.0,280143.0
2021-03-24,208588.0,1290.0,3994.0,9.0,289942.0
2021-03-25,209753.0,1165.0,3998.0,4.0,304246.0
2021-03-26,210785.0,1032.0,4008.0,10.0,320207.0
2021-03-27,212040.0,1255.0,4011.0,3.0,327455.0
2021-03-28,212678.0,638.0,4018.0,7.0,328713.0
2021-03-29,212966.0,288.0,4024.0,6.0,329848.0
2021-03-30,214045.0,1079.0,4040.0,16.0,337788.0
2021-03-31,215602.0,1557.0,4047.0,7.0,352378.0
2021-04-01,216939.0,1337.0,4054.0,7.0,371780.0
2021-04-02,218114.0,1175.0,4063.0,9.0,383961.0
2021-04-03,219420.0,1306.0,4068.0,5.0,387080.0
2021-04-04,220141.0,721.0,4075.0,7.0,388668.0
2021-04-05,220425.0,284.0,4082.0,7.0,388669.0
2021-04-06,220698.0,273.0,4089.0,7.0,391495.0
2021-04-07,221890.0,1192.0,4092.0,3.0,397646.0
2021-04-08,223416.0,1526.0,4097.0,5.0,413025.0
2021-04-09,224699.0,1283.0,4100.0,3.0,433227.0
2021-04-10,225950.0,1251.0,4112.0,12.0,442414.0
2021-04-11,226499.0,549.0,4119.0,7.0,444044.0
2021-04-12,226786.0,287.0,4126.0,7.0,445903.0
2021-04-13,227836.0,1050.0,4130.0,4.0,449746.0
2021-04-14,229076.0,1240.0,4135.0,5.0,461368.0
2021-04-15,229967.0,891.0,4142.0,7.0,480750.0
2021-04-16,230826.0,859.0,4147.0,5.0,494829.0
2021-04-17,231593.0,767.0,4153.0,6.0,500966.0
2021-04-18,232071.0,478.0,4159.0,6.0,502250.0
2021-04-19,232311.0,240.0,4167.0,8.0,504945.0
2021-04-20,233031.0,720.0,4172.0,5.0,511658.0
2021-04-21,234067.0,1036.0,4176.0,4.0,528426.0
2021-04-22,234811.0,744.0,4187.0,11.0,548374.0
2021-04-23,235711.0,900.0,4195.0,8.0,566030.0
2021-04-24,236613.0,902.0,4203.0,8.0,568975.0
2021-04-25,237028.0,415.0,4208.0,5.0,569660.0
2021-04-26,237219.0,191.0,4214.0,6.0,570044.0
2021-04-27,238023.0,804.0,4221.0,7.0,570510.0
2021-04-28,238421.0,398.0,4236.0,15.0,578513.0
2021-04-29,239339.0,918.0,4243.0,7.0,597811.0
2021-04-30,240292.0,953.0,4250.0,7.0,618949.0
2021-05-01,241309.0,1017.0,4258.0,8.0,626158.0
2021-05-02,241672.0,363.0,4263.0,5.0,629593.0
2021-05-03,241883.0,211.0,4269.0,6.0,637597.0
2021-05-04,242777.0,894.0,4273.0,4.0,647531.0
2021-05-05,243719.0,942.0,4279.0,6.0,665579.0
2021-05-06,244556.0,837.0,4282.0,3.0,693398.0
2021-05-07,245159.0,603.0,4285.0,3.0,715447.0
2021-05-08,245793.0,634.0,4286.0,1.0,726199.0
2021-05-09,246082.0,289.0,4293.0,7.0,727986.0
2021-05-10,246231.0,149.0,4299.0,6.0,731671.0
2021-05-11,246725.0,494.0,4302.0,3.0,741933.0
2021-05-12,247449.0,724.0,4304.0,2.0,764242.0
2021-05-13,248046.0,597.0,4308.0,4.0,793232.0
2021-05-14,248520.0,474.0,4314.0,6.0,818961.0
2021-05-15,249014.0,494.0,4320.0,6.0,830081.0
2021-05-16,249310.0,296.0,4324.0,4.0,833211.0
2021-05-17,249424.0,114.0,4327.0,3.0,841697.0
2021-05-18,249921.0,497.0,4333.0,6.0,855422.0
2021-05-19,250453.0,532.0,4338.0,5.0,879046.0
2021-05-20,250811.0,358.0,4345.0,7.0,909133.0
2021-05-21,251148.0,337.0,4348.0,3.0,936537.0
2021-05-22,251531.0,383.0,4349.0,1.0,947536.0
2021-05-23,251690.0,159.0,4353.0,4.0,950579.0
2021-05-24,251773.0,83.0,4355.0,2.0,957079.0
2021-05-25,252098.0,325.0,4358.0,3.0,967677.0
2021-05-26,252486.0,388.0,4363.0,5.0,989809.0
2021-05-27,252848.0,362.0,4366.0,3.0,1019263.0
2021-05-28,253140.0,292.0,4370.0,4.0,1041728.0
2021-05-29,253493.0,353.0,4372.0,2.0,1052386.0
2021-05-30,253631.0,138.0,4374.0,2.0,1052388.0
2021-05-31,253722.0,91.0,4375.0,1.0,1059284.0
2021-06-01,254045.0,323.0,4376.0,1.0,1075588.0
2021-06-02,254419.0,374.0,4380.0,4.0,1105084.0
2021-06-03,254692.0,273.0,4383.0,3.0,1142138.0
2021-06-04,254973.0,281.0,4385.0,2.0,1173061.0
2021-06-05,255218.0,245.0,4387.0,2.0,1186200.0
2021-06-06,255375.0,157.0,4388.0,1.0,1192564.0
2021-06-07,255432.0,57.0,4390.0,2.0,1199954.0
2021-06-08,255652.0,220.0,4391.0,1.0,1214648.0
2021-06-09,255907.0,255.0,4392.0,1.0,1237713.0
2021-06-10,256103.0,196.0,4393.0,1.0,1270503.0
2021-06-11,256224.0,121.0,4398.0,5.0,1295180.0
2021-06-12,256352.0,128.0,4401.0,3.0,1306066.0
2021-06-13,256443.0,91.0,4404.0,3.0,1309188.0
2021-06-14,256467.0,24.0,4406.0,2.0,1315650.0
2021-06-15,256581.0,114.0,4408.0,2.0,1325838.0
2021-06-16,256701.0,120.0,4409.0,1.0,1343037.0
2021-06-17,256784.0,83.0,4409.0,0.0,1363941.0
2021-06-18,256871.0,87.0,4411.0,2.0,1378321.0
2021-06-19,256956.0,85.0,4412.0,1.0,1380819.0
2021-06-20,256982.0,26.0,4412.0,0.0,1382290.0
2021-06-21,257001.0,19.0,4415.0,3.0,1387938.0
2021-06-22,257066.0,65.0,4416.0,1.0,1398440.0
2021-06-23,257116.0,50.0,4417.0,1.0,1418314.0
2021-06-24,257164.0,48.0,4417.0,0.0,1444100.0
2021-06-25,257210.0,46.0,4417.0,0.0,1444168.0
2021-06-26,257221.0,11.0,4419.0,2.0,1448258.0
2021-06-27,257240.0,19.0,4419.0,0.0,1448278.0
2021-06-28,257252.0,12.0,4419.0,0.0,1454511.0
2021-06-29,257287.0,35.0,4419.0,0.0,1466140.0
2021-06-30,257335.0,48.0,4419.0,0.0,1480560.0
2021-07-01,257358.0,23.0,4419.0,0.0,1500169.0
2021-07-02,257383.0,25.0,4419.0,0.0,1514533.0
2021-07-03,257413.0,30.0,4419.0,0.0,1516072.0
2021-07-04,257421.0,8.0,4419.0,0.0,1516087.0
2021-07-05,257429.0,8.0,4420.0,1.0,1522743.0
2021-07-06,257477.0,48.0,4421.0,1.0,1531250.0
2021-07-07,257550.0,73.0,4422.0,1.0,1544219.0
2021-07-08,257619.0,69.0,4423.0,1.0,1560528.0
2021-07-09,257703.0,84.0,4423.0,0.0,1572663.0
2021-07-10,257838.0,135.0,4423.0,0.0,1573927.0
2021-07-11,257863.0,25.0,4423.0,0.0,1574249.0
2021-07-12,257875.0,12.0,4425.0,2.0,1580674.0
2021-07-13,257959.0,84.0,4425.0,0.0,1587402.0
2021-07-14,257989.0,30.0,4425.0,0.0,1598761.0
2021-07-15,258045.0,56.0,4425.0,0.0,1613318.0
2021-07-16,258108.0,63.0,4425.0,0.0,1624612.0
2021-07-17,258169.0,61.0,4425.0,0.0,1626738.0
2021-07-18,258190.0,21.0,4425.0,0.0,1626776.0
2021-07-19,258199.0,9.0,4425.0,0.0,1632386.0
2021-07-20,258287.0,88.0,4425.0,0.0,1638498.0
2021-07-21,258397.0,110.0,4425.0,0.0,1649196.0
2021-07-22,258468.0,71.0,4426.0,1.0,1661018.0
2021-07-23,258525.0,57.0,4426.0,0.0,1671162.0
2021-07-24,258619.0,94.0,4427.0,1.0,1672806.0
2021-07-25,258651.0,32.0,4428.0,1.0,1672826.0
2021-07-26,258674.0,23.0,4428.0,0.0,1678349.0
2021-07-27,258780.0,106.0,4428.0,0.0,1685490.0
2021-07-28,258864.0,84.0,4428.0,0.0,1695098.0
2021-07-29,258963.0,99.0,4428.0,0.0,1706293.0
2021-07-30,259079.0,116.0,4428.0,0.0,1714876.0
2021-07-31,259215.0,136.0,4429.0,1.0,1717179.0
2021-08-01,259273.0,58.0,4429.0,0.0,1717195.0
2021-08-02,259304.0,31.0,4429.0,0.0,1722395.0
2021-08-03,259486.0,182.0,4429.0,0.0,1728244.0
2021-08-04,259625.0,139.0,4429.0,0.0,1736848.0
2021-08-05,259764.0,139.0,4429.0,0.0,1747279.0
2021-08-06,259909.0,145.0,4430.0,1.0,1755233.0
2021-08-07,260041.0,132.0,4431.0,1.0,1756215.0
2021-08-08,260109.0,68.0,4433.0,2.0,1756729.0
2021-08-09,260156.0,47.0,4433.0,0.0,1760935.0
2021-08-10,260372.0,216.0,4433.0,0.0,1766134.0
2021-08-11,260619.0,247.0,4433.0,0.0,1773314.0
2021-08-12,260867.0,248.0,4433.0,0.0,1782894.0
2021-08-13,261068.0,201.0,4433.0,0.0,1791105.0
2021-08-14,261333.0,265.0,4433.0,0.0,1791901.0
2021-08-15,261428.0,95.0,4433.0,0.0,1792002.0
2021-08-16,261484.0,56.0,4433.0,0.0,1797636.0
2021-08-17,261804.0,320.0,4433.0,0.0,1804525.0
2021-08-18,262189.0,385.0,4436.0,3.0,1812525.0
2021-08-19,262571.0,382.0,4438.0,2.0,1821961.0
2021-08-20,262904.0,333.0,4438.0,0.0,1829681.0
2021-08-21,263303.0,399.0,4438.0,0.0,1830667.0
2021-08-22,263547.0,244.0,4440.0,2.0,1830671.0
2021-08-23,263664.0,117.0,4441.0,1.0,1835475.0
2021-08-24,264141.0,477.0,4442.0,1.0,1842177.0
2021-08-25,264649.0,508.0,4443.0,1.0,1849622.0
2021-08-26,265159.0,510.0,4444.0,1.0,1859184.0
2021-08-27,265703.0,544.0,4446.0,2.0,1866532.0
2021-08-28,266241.0,538.0,4448.0,2.0,1867708.0
2021-08-29,266514.0,273.0,4448.0,0.0,1867779.0
2021-08-30,266657.0,143.0,4449.0,1.0,1872396.0
2021-08-31,267198.0,541.0,4450.0,1.0,1877640.0
2021-09-01,267962.0,764.0,4450.0,0.0,1883182.0
2021-09-02,268636.0,674.0,4453.0,3.0,1891448.0
2021-09-03,269248.0,612.0,4453.0,0.0,1898092.0
2021-09-04,269990.0,742.0,4455.0,2.0,1898750.0
2021-09-05,270307.0,317.0,4455.0,0.0,1898750.0
2021-09-06,270541.0,234.0,4456.0,1.0,1903538.0
2021-09-07,271418.0,877.0,4458.0,2.0,1911384.0
2021-09-08,272512.0,1094.0,4461.0,3.0,1920529.0
2021-09-09,273529.0,1017.0,4462.0,1.0,1932862.0
2021-09-10,274528.0,999.0,4466.0,4.0,1942758.0
2021-09-11,275615.0,1087.0,4469.0,3.0,1944706.0
2021-09-12,276174.0,559.0,4469.0,0.0,1944710.0
2021-09-13,276457.0,283.0,4470.0,1.0,1955100.0
2021-09-14,277853.0,1396.0,4473.0,3.0,1973009.0
2021-09-15,279217.0,1364.0,4479.0,6.0,1991594.0
2021-09-16,280544.0,1327.0,4486.0,7.0,2016000.0
2021-09-17,281687.0,1143.0,4492.0,6.0,2035377.0
2021-09-18,282935.0,1248.0,4494.0,2.0,2044102.0
2021-09-19,283479.0,544.0,4498.0,4.0,2047693.0
2021-09-20,283770.0,291.0,4503.0,5.0,2055625.0
2021-09-21,285079.0,1309.0,4506.0,3.0,2064002.0
2021-09-22,286267.0,1188.0,4516.0,10.0,2072309.0
2021-09-23,287278.0,1011.0,4521.0,5.0,2085403.0
2021-09-24,288219.0,941.0,4526.0,5.0,2097151.0
2021-09-25,289225.0,1006.0,4531.0,5.0,2099454.0
2021-09-26,289670.0,445.0,4537.0,6.0,2100345.0
2021-09-27,289955.0,285.0,4544.0,7.0,2106147.0
2021-09-28,290994.0,1039.0,4553.0,9.0,2114451.0
2021-09-29,292333.0,1339.0,4557.0,4.0,2121622.0
2021-09-30,293364.0,1031.0,4561.0,4.0,2129808.0
