date,total_cases,new_cases,total_deaths,new_deaths,total_vaccinations
2021-01-01,28406.0,416.0,234.0,5.0,2475.0
2021-01-02,28789.0,383.0,241.0,7.0,2505.0
2021-01-03,29131.0,342.0,244.0,3.0,2523.0
2021-01-04,29521.0,390.0,251.0,7.0,3165.0
2021-01-05,29950.0,429.0,258.0,7.0,4976.0
2021-01-06,30667.0,717.0,261.0,3.0,6587.0
2021-01-07,31751.0,1084.0,265.0,4.0,7929.0
2021-01-08,32537.0,786.0,270.0,5.0,10144.0
2021-01-09,33089.0,552.0,278.0,8.0,10695.0
2021-01-10,33516.0,427.0,283.0,5.0,10918.0
2021-01-11,33805.0,289.0,287.0,4.0,11768.0
2021-01-12,34138.0,333.0,292.0,5.0,13348.0
2021-01-13,34991.0,853.0,301.0,9.0,14743.0
2021-01-14,35621.0,630.0,311.0,10.0,16523.0
2021-01-15,36096.0,475.0,316.0,5.0,17804.0
2021-01-16,36691.0,595.0,320.0,4.0,18024.0
2021-01-17,37079.0,388.0,325.0,5.0,18120.0
2021-01-18,37344.0,265.0,333.0,8.0,19154.0
2021-01-19,37941.0,597.0,344.0,11.0,20315.0
2021-01-20,38544.0,603.0,349.0,5.0,21797.0
2021-01-21,39212.0,668.0,354.0,5.0,23978.0
2021-01-22,39701.0,489.0,358.0,4.0,25480.0
2021-01-23,40184.0,483.0,368.0,10.0,25738.0
2021-01-24,40716.0,532.0,376.0,8.0,25899.0
2021-01-25,40975.0,259.0,383.0,7.0,26961.0
2021-01-26,41330.0,355.0,392.0,9.0,29355.0
2021-01-27,41966.0,636.0,398.0,6.0,31490.0
2021-01-28,42656.0,690.0,406.0,8.0,33962.0
2021-01-29,43343.0,687.0,409.0,3.0,37168.0
2021-01-30,43747.0,404.0,411.0,2.0,37999.0
2021-01-31,44208.0,461.0,419.0,8.0,38537.0
2021-02-01,44575.0,367.0,422.0,3.0,40146.0
2021-02-02,44978.0,403.0,424.0,2.0,42915.0
2021-02-03,45663.0,685.0,433.0,9.0,46110.0
2021-02-04,46334.0,671.0,443.0,10.0,49711.0
2021-02-05,46925.0,591.0,447.0,4.0,52775.0
2021-02-06,47512.0,587.0,456.0,9.0,53328.0
2021-02-07,47928.0,416.0,461.0,5.0,53385.0
2021-02-08,48267.0,339.0,466.0,5.0,55010.0
2021-02-09,48809.0,542.0,474.0,8.0,58156.0
2021-02-10,49605.0,796.0,477.0,3.0,61654.0
2021-02-11,50280.0,675.0,480.0,3.0,65703.0
2021-02-12,50993.0,713.0,486.0,6.0,68039.0
2021-02-13,51749.0,756.0,491.0,5.0,68330.0
2021-02-14,52416.0,667.0,495.0,4.0,68391.0
2021-02-15,52827.0,411.0,501.0,6.0,69237.0
2021-02-16,53444.0,617.0,508.0,7.0,71639.0
2021-02-17,54300.0,856.0,510.0,2.0,75966.0
2021-02-18,55295.0,995.0,514.0,4.0,82265.0
2021-02-19,56246.0,951.0,518.0,4.0,87037.0
2021-02-20,57033.0,787.0,528.0,10.0,87847.0
2021-02-21,57616.0,583.0,535.0,7.0,88680.0
2021-02-22,58445.0,829.0,540.0,5.0,91672.0
2021-02-23,59407.0,962.0,553.0,13.0,96376.0
2021-02-24,60475.0,1068.0,557.0,4.0,96839.0
2021-02-25,61627.0,1152.0,567.0,10.0,103376.0
2021-02-26,62830.0,1203.0,575.0,8.0,110914.0
2021-02-27,64399.0,1569.0,584.0,9.0,112372.0
2021-02-28,65600.0,1201.0,589.0,5.0,112682.0
2021-03-01,66628.0,1028.0,598.0,9.0,116148.0
2021-03-02,67739.0,1111.0,605.0,7.0,121414.0
2021-03-03,69193.0,1454.0,615.0,10.0,126718.0
2021-03-04,70610.0,1417.0,623.0,8.0,134345.0
2021-03-05,72144.0,1534.0,637.0,14.0,141439.0
2021-03-06,73684.0,1540.0,644.0,7.0,145187.0
2021-03-07,75003.0,1319.0,653.0,9.0,146185.0
2021-03-08,76183.0,1180.0,667.0,14.0,149848.0
2021-03-09,77491.0,1308.0,669.0,2.0,154956.0
2021-03-10,78973.0,1482.0,677.0,8.0,161410.0
2021-03-11,80929.0,1956.0,686.0,9.0,172518.0
2021-03-12,82286.0,1357.0,695.0,9.0,180179.0
2021-03-13,83872.0,1586.0,710.0,15.0,185681.0
2021-03-14,84807.0,935.0,719.0,9.0,190962.0
2021-03-15,86086.0,1279.0,728.0,9.0,194582.0
2021-03-16,87548.0,1462.0,739.0,11.0,199122.0
2021-03-17,89331.0,1783.0,745.0,6.0,204548.0
2021-03-18,91031.0,1700.0,758.0,13.0,211968.0
2021-03-19,92780.0,1749.0,769.0,11.0,220588.0
2021-03-20,94028.0,1248.0,780.0,11.0,222866.0
2021-03-21,95401.0,1373.0,787.0,7.0,224207.0
2021-03-22,96394.0,993.0,797.0,10.0,226695.0
2021-03-23,97456.0,1062.0,809.0,12.0,229620.0
2021-03-24,99008.0,1552.0,823.0,14.0,235271.0
2021-03-25,100437.0,1429.0,836.0,13.0,245308.0
2021-03-26,101587.0,1150.0,847.0,11.0,251983.0
2021-03-27,102738.0,1151.0,860.0,13.0,254372.0
2021-03-28,103630.0,892.0,868.0,8.0,254907.0
2021-03-29,104214.0,584.0,879.0,11.0,257191.0
2021-03-30,105416.0,1202.0,896.0,17.0,260754.0
2021-03-31,106424.0,1008.0,902.0,6.0,266728.0
2021-04-01,107253.0,829.0,908.0,6.0,278675.0
2021-04-02,108418.0,1165.0,922.0,14.0,282608.0
2021-04-03,108937.0,519.0,931.0,9.0,291030.0
2021-04-04,109399.0,462.0,941.0,10.0,295178.0
2021-04-05,109781.0,382.0,950.0,9.0,298675.0
2021-04-06,110680.0,899.0,964.0,14.0,302289.0
2021-04-07,111664.0,984.0,976.0,12.0,308304.0
2021-04-08,112421.0,757.0,990.0,14.0,321207.0
2021-04-09,113098.0,677.0,1006.0,16.0,331839.0
2021-04-10,113736.0,638.0,1020.0,14.0,333467.0
2021-04-11,114174.0,438.0,1028.0,8.0,333797.0
2021-04-12,114443.0,269.0,1037.0,9.0,335713.0
2021-04-13,115080.0,637.0,1049.0,12.0,338571.0
2021-04-14,115629.0,549.0,1057.0,8.0,345794.0
2021-04-15,116200.0,571.0,1064.0,7.0,358313.0
2021-04-16,116678.0,478.0,1070.0,6.0,369839.0
2021-04-17,117011.0,333.0,1082.0,12.0,371902.0
2021-04-18,117554.0,543.0,1092.0,10.0,373309.0
2021-04-19,117782.0,228.0,1100.0,8.0,375924.0
2021-04-20,118317.0,535.0,1104.0,4.0,380147.0
2021-04-21,118789.0,472.0,1109.0,5.0,385247.0
2021-04-22,119218.0,429.0,1120.0,11.0,396836.0
2021-04-23,119610.0,392.0,1126.0,6.0,405748.0
2021-04-24,120000.0,390.0,1137.0,11.0,408817.0
2021-04-25,120215.0,215.0,1143.0,6.0,411209.0
2021-04-26,120378.0,163.0,1145.0,2.0,414440.0
2021-04-27,120836.0,458.0,1148.0,3.0,421277.0
2021-04-28,121232.0,396.0,1148.0,0.0,432491.0
2021-04-29,121657.0,425.0,1158.0,10.0,447269.0
2021-04-30,122019.0,362.0,1161.0,3.0,459132.0
2021-05-01,122450.0,431.0,1166.0,5.0,462147.0
2021-05-02,122685.0,235.0,1168.0,2.0,464589.0
2021-05-03,122943.0,258.0,1172.0,4.0,470335.0
2021-05-04,123344.0,401.0,1177.0,5.0,479039.0
2021-05-05,123781.0,437.0,1183.0,6.0,492137.0
2021-05-06,124147.0,366.0,1187.0,4.0,509711.0
2021-05-07,124529.0,382.0,1193.0,6.0,523483.0
2021-05-08,124901.0,372.0,1195.0,2.0,528990.0
2021-05-09,125126.0,225.0,1201.0,6.0,532185.0
2021-05-10,125337.0,211.0,1204.0,3.0,536503.0
2021-05-11,125696.0,359.0,1206.0,2.0,542710.0
2021-05-12,126064.0,368.0,1210.0,4.0,552826.0
2021-05-13,126364.0,300.0,1212.0,2.0,565767.0
2021-05-14,126642.0,278.0,1217.0,5.0,574543.0
2021-05-15,126922.0,280.0,1220.0,3.0,577994.0
2021-05-16,127053.0,131.0,1222.0,2.0,578955.0
2021-05-17,127206.0,153.0,1223.0,1.0,585895.0
2021-05-18,127500.0,294.0,1229.0,6.0,593812.0
2021-05-19,127757.0,257.0,1232.0,3.0,602797.0
2021-05-20,128084.0,327.0,1235.0,3.0,617513.0
2021-05-21,128309.0,225.0,1239.0,4.0,631806.0
2021-05-22,128489.0,180.0,1240.0,1.0,636664.0
2021-05-23,128592.0,103.0,1240.0,0.0,640393.0
2021-05-24,128669.0,77.0,1241.0,1.0,645892.0
2021-05-25,128829.0,160.0,1241.0,0.0,652911.0
2021-05-26,129014.0,185.0,1242.0,1.0,664320.0
2021-05-27,129158.0,144.0,1244.0,2.0,680485.0
2021-05-28,129297.0,139.0,1247.0,3.0,692979.0
2021-05-29,129424.0,127.0,1250.0,3.0,698188.0
2021-05-30,129486.0,62.0,1251.0,1.0,702725.0
2021-05-31,129544.0,58.0,1252.0,1.0,706441.0
2021-06-01,129674.0,130.0,1258.0,6.0,715012.0
2021-06-02,129804.0,130.0,1259.0,1.0,725988.0
2021-06-03,129909.0,105.0,1260.0,1.0,739997.0
2021-06-04,130005.0,96.0,1260.0,0.0,751634.0
2021-06-05,130068.0,63.0,1262.0,2.0,756837.0
2021-06-06,130119.0,51.0,1263.0,1.0,762054.0
2021-06-07,130156.0,37.0,1264.0,1.0,768334.0
2021-06-08,130242.0,86.0,1264.0,0.0,777912.0
2021-06-09,130310.0,68.0,1265.0,1.0,791384.0
2021-06-10,130364.0,54.0,1266.0,1.0,806326.0
2021-06-11,130418.0,54.0,1266.0,0.0,818205.0
2021-06-12,130473.0,55.0,1266.0,0.0,825037.0
2021-06-13,130510.0,37.0,1266.0,0.0,829613.0
2021-06-14,130538.0,28.0,1266.0,0.0,837373.0
2021-06-15,130599.0,61.0,1266.0,0.0,847930.0
2021-06-16,130658.0,59.0,1266.0,0.0,861173.0
2021-06-17,130695.0,37.0,1267.0,1.0,875299.0
2021-06-18,130751.0,56.0,1267.0,0.0,889341.0
2021-06-19,130781.0,30.0,1267.0,0.0,895605.0
2021-06-20,130806.0,25.0,1268.0,1.0,899647.0
2021-06-21,130818.0,12.0,1268.0,0.0,908268.0
2021-06-22,130855.0,37.0,1269.0,1.0,914134.0
2021-06-23,130880.0,25.0,1269.0,0.0,914260.0
2021-06-24,130898.0,18.0,1269.0,0.0,914436.0
2021-06-25,130908.0,10.0,1269.0,0.0,922081.0
2021-06-26,130941.0,33.0,1269.0,0.0,926538.0
2021-06-27,130968.0,27.0,1269.0,0.0,930963.0
2021-06-28,130983.0,15.0,1269.0,0.0,938443.0
2021-06-29,131028.0,45.0,1269.0,0.0,946851.0
2021-06-30,131064.0,36.0,1269.0,0.0,955715.0
2021-07-01,131085.0,21.0,1269.0,0.0,963103.0
2021-07-02,131123.0,38.0,1269.0,0.0,970504.0
2021-07-03,131161.0,38.0,1269.0,0.0,975535.0
2021-07-04,131188.0,27.0,1269.0,0.0,981061.0
2021-07-05,131207.0,19.0,1270.0,1.0,985678.0
2021-07-06,131257.0,50.0,1270.0,0.0,994024.0
2021-07-07,131299.0,42.0,1270.0,0.0,1000624.0
2021-07-08,131357.0,58.0,1270.0,0.0,1008731.0
2021-07-09,131396.0,39.0,1270.0,0.0,1015358.0
2021-07-10,131460.0,64.0,1270.0,0.0,1018631.0
2021-07-11,131487.0,27.0,1270.0,0.0,1023377.0
2021-07-12,131508.0,21.0,1270.0,0.0,1027839.0
2021-07-13,131562.0,54.0,1270.0,0.0,1034477.0
2021-07-14,131618.0,56.0,1270.0,0.0,1041612.0
2021-07-15,131681.0,63.0,1271.0,1.0,1049110.0
2021-07-16,131743.0,62.0,1271.0,0.0,1054103.0
2021-07-17,131807.0,64.0,1271.0,0.0,1055980.0
2021-07-18,131848.0,41.0,1271.0,0.0,1060313.0
2021-07-19,131882.0,34.0,1271.0,0.0,1066162.0
2021-07-20,131963.0,81.0,1271.0,0.0,1074317.0
2021-07-21,132059.0,96.0,1271.0,0.0,1081216.0
2021-07-22,132179.0,120.0,1271.0,0.0,1088953.0
2021-07-23,132262.0,83.0,1271.0,0.0,1096379.0
2021-07-24,132368.0,106.0,1271.0,0.0,1099722.0
2021-07-25,132458.0,90.0,1271.0,0.0,1102939.0
2021-07-26,132524.0,66.0,1271.0,0.0,1108530.0
2021-07-27,132717.0,193.0,1271.0,0.0,1114665.0
2021-07-28,132891.0,174.0,1271.0,0.0,1120185.0
2021-07-29,133111.0,220.0,1272.0,1.0,1125406.0
2021-07-30,133308.0,197.0,1272.0,0.0,1130545.0
2021-07-31,133557.0,249.0,1272.0,0.0,1133508.0
2021-08-01,133685.0,128.0,1272.0,0.0,1136297.0
2021-08-02,133771.0,86.0,1272.0,0.0,1142203.0
2021-08-03,133978.0,207.0,1273.0,1.0,1148458.0
2021-08-04,134221.0,243.0,1273.0,0.0,1154617.0
2021-08-05,134479.0,258.0,1276.0,3.0,1160014.0
2021-08-06,134720.0,241.0,1277.0,1.0,1166761.0
2021-08-07,134950.0,230.0,1277.0,0.0,1170306.0
2021-08-08,135076.0,126.0,1277.0,0.0,1172373.0
2021-08-09,135223.0,147.0,1277.0,0.0,1177881.0
2021-08-10,135512.0,289.0,1277.0,0.0,1184034.0
2021-08-11,135856.0,344.0,1279.0,2.0,1189758.0
2021-08-12,136228.0,372.0,1279.0,0.0,1195452.0
2021-08-13,136500.0,272.0,1279.0,0.0,1201379.0
2021-08-14,136790.0,290.0,1279.0,0.0,1205962.0
2021-08-15,136992.0,202.0,1279.0,0.0,1208336.0
2021-08-16,137155.0,163.0,1279.0,0.0,1213741.0
2021-08-17,137514.0,359.0,1279.0,0.0,1218638.0
2021-08-18,137800.0,286.0,1281.0,2.0,1223923.0
2021-08-19,138157.0,357.0,1281.0,0.0,1229700.0
2021-08-20,138488.0,331.0,1281.0,0.0,1231118.0
2021-08-21,138706.0,218.0,1281.0,0.0,1233917.0
2021-08-22,138807.0,101.0,1281.0,0.0,1235322.0
2021-08-23,139126.0,319.0,1285.0,4.0,1239448.0
2021-08-24,139500.0,374.0,1285.0,0.0,1243624.0
2021-08-25,139937.0,437.0,1285.0,0.0,1248161.0
2021-08-26,140341.0,404.0,1286.0,1.0,1251890.0
2021-08-27,140692.0,351.0,1287.0,1.0,1256701.0
2021-08-28,141014.0,322.0,1287.0,0.0,1260373.0
2021-08-29,141344.0,330.0,1289.0,2.0,1264133.0
2021-08-30,141599.0,255.0,1291.0,2.0,1267994.0
2021-08-31,141956.0,357.0,1292.0,1.0,1273065.0
2021-09-01,142363.0,407.0,1293.0,1.0,1275429.0
2021-09-02,142837.0,474.0,1295.0,2.0,1278942.0
2021-09-03,143181.0,344.0,1296.0,1.0,1282254.0
2021-09-04,143533.0,352.0,1297.0,1.0,1285433.0
2021-09-05,143788.0,255.0,1301.0,4.0,1287779.0
2021-09-06,144001.0,213.0,1302.0,1.0,1291479.0
2021-09-07,144390.0,389.0,1305.0,3.0,1295094.0
2021-09-08,144878.0,488.0,1305.0,0.0,1298478.0
2021-09-09,145345.0,467.0,1307.0,2.0,1301922.0
2021-09-10,145885.0,540.0,1309.0,2.0,1305518.0
2021-09-11,146378.0,493.0,1310.0,1.0,1308243.0
2021-09-12,146707.0,329.0,1312.0,2.0,1310373.0
2021-09-13,146884.0,177.0,1313.0,1.0,1314090.0
2021-09-14,147357.0,473.0,1313.0,0.0,1318201.0
2021-09-15,147881.0,524.0,1315.0,2.0,1322112.0
2021-09-16,148391.0,510.0,1320.0,5.0,1325895.0
2021-09-17,148923.0,532.0,1322.0,2.0,1329944.0
2021-09-18,149314.0,391.0,1325.0,3.0,1332951.0
2021-09-19,149776.0,462.0,1326.0,1.0,1334701.0
2021-09-20,150142.0,366.0,1328.0,2.0,1337834.0
2021-09-21,150605.0,463.0,1333.0,5.0,1341810.0
2021-09-22,151292.0,687.0,1335.0,2.0,1345830.0
2021-09-23,151881.0,589.0,1339.0,4.0,1349939.0
2021-09-24,152429.0,548.0,1343.0,4.0,1354375.0
2021-09-25,153071.0,642.0,1343.0,0.0,1357843.0
2021-09-26,153536.0,465.0,1344.0,1.0,1359860.0
2021-09-27,153926.0,390.0,1346.0,2.0,1361511.0
2021-09-28,154722.0,796.0,1351.0,5.0,1364970.0
2021-09-29,155469.0,747.0,1352.0,1.0,1367694.0
2021-09-30,156257.0,788.0,1357.0,5.0,1370519.0
