date,total_cases,new_cases,total_deaths,new_deaths,total_vaccinations
2021-01-01,20811596.0,95351.0,339233.0,1579.0,5630574.0
2021-01-02,20862424.0,50828.0,340111.0,878.0,5703688.0
2021-01-03,20932083.0,69659.0,341277.0,1166.0,5855399.0
2021-01-04,21004254.0,72171.0,342346.0,1069.0,6010191.0
2021-01-05,21086749.0,82495.0,343575.0,1229.0,6965746.0
2021-01-06,21174329.0,87580.0,344643.0,1068.0,7212592.0
2021-01-07,21261955.0,87626.0,345785.0,1142.0,7394535.0
2021-01-08,21329390.0,67435.0,346681.0,896.0,7520848.0
2021-01-09,21434352.0,104962.0,347981.0,1300.0,12190515.0
2021-01-10,21510828.0,76476.0,348953.0,972.0,12306260.0
2021-01-11,21585205.0,74377.0,349949.0,996.0,12436347.0
2021-01-12,21667187.0,81982.0,351333.0,1384.0,12614654.0
2021-01-13,21754235.0,87048.0,352664.0,1331.0,13844463.0
2021-01-14,21840686.0,86451.0,353827.0,1163.0,14383734.0
2021-01-15,21923274.0,82588.0,355030.0,1203.0,14925615.0
2021-01-16,22009007.0,85733.0,356138.0,1108.0,15482107.0
2021-01-17,22084190.0,75183.0,357185.0,1047.0,15783090.0
2021-01-18,22148742.0,64552.0,358255.0,1070.0,16418735.0
2021-01-19,22223494.0,74752.0,359481.0,1226.0,17068174.0
2021-01-20,22305228.0,81734.0,360669.0,1188.0,22619127.0
2021-01-21,22381567.0,76339.0,361916.0,1247.0,23242782.0
2021-01-22,22457225.0,75658.0,362965.0,1049.0,24065373.0
2021-01-23,22530405.0,73180.0,364011.0,1046.0,24589992.0
2021-01-24,22597309.0,66904.0,365032.0,1021.0,24930860.0
2021-01-25,22657024.0,59715.0,366152.0,1120.0,25715194.0
2021-01-26,22732239.0,75215.0,367374.0,1222.0,26257525.0
2021-01-27,22812215.0,79976.0,368639.0,1265.0,34872704.0
2021-01-28,22895127.0,82912.0,369999.0,1360.0,36050091.0
2021-01-29,22971924.0,76797.0,370969.0,970.0,37139808.0
2021-01-30,23046198.0,74274.0,372240.0,1271.0,37769348.0
2021-01-31,23113687.0,67489.0,373325.0,1085.0,39480869.0
2021-02-01,23179554.0,65867.0,374310.0,985.0,40255254.0
2021-02-02,23248841.0,69287.0,375429.0,1119.0,40884938.0
2021-02-03,23325191.0,76350.0,376429.0,1000.0,48839339.0
2021-02-04,23398048.0,72857.0,377449.0,1020.0,49927466.0
2021-02-05,23466809.0,68761.0,378362.0,913.0,51121160.0
2021-02-06,23536509.0,69700.0,379230.0,868.0,51878548.0
2021-02-07,23602565.0,66056.0,380107.0,877.0,52203703.0
2021-02-08,23661993.0,59428.0,380999.0,892.0,53001272.0
2021-02-09,23729998.0,68005.0,381938.0,939.0,63233918.0
2021-02-10,23801051.0,71053.0,382908.0,970.0,64457111.0
2021-02-11,23866039.0,64988.0,383742.0,834.0,65392766.0
2021-02-12,23932834.0,66795.0,384624.0,882.0,66605690.0
2021-02-13,23995889.0,63055.0,385482.0,858.0,67685232.0
2021-02-14,24054564.0,58675.0,386282.0,800.0,68191807.0
2021-02-15,24113932.0,59368.0,386982.0,700.0,69685416.0
2021-02-16,24182681.0,68749.0,387904.0,922.0,71076438.0
2021-02-17,24252171.0,69490.0,388770.0,866.0,72636111.0
2021-02-18,24318890.0,66719.0,389631.0,861.0,74743222.0
2021-02-19,24386118.0,67228.0,390548.0,917.0,76029329.0
2021-02-20,24448821.0,62703.0,391456.0,908.0,77428975.0
2021-02-21,24516302.0,67481.0,392237.0,781.0,77942310.0
2021-02-22,24583551.0,67249.0,392991.0,754.0,79124727.0
2021-02-23,24657253.0,73702.0,393936.0,945.0,80634483.0
2021-02-24,24733680.0,76427.0,395443.0,1507.0,82056522.0
2021-02-25,24809663.0,75983.0,396394.0,951.0,83719951.0
2021-02-26,24884566.0,74903.0,397362.0,968.0,85077070.0
2021-02-27,24954600.0,70034.0,398145.0,783.0,86382360.0
2021-02-28,25022589.0,67989.0,398974.0,829.0,98859962.0
2021-03-01,25091597.0,69008.0,399710.0,736.0,100352126.0
2021-03-02,25168147.0,76550.0,400591.0,881.0,102468813.0
2021-03-03,25248859.0,80712.0,401414.0,823.0,104484369.0
2021-03-04,25329940.0,81081.0,402222.0,808.0,106921289.0
2021-03-05,25410983.0,81043.0,403169.0,947.0,109095577.0
2021-03-06,25487810.0,76827.0,403827.0,658.0,111227540.0
2021-03-07,25565928.0,78118.0,404551.0,724.0,112369914.0
2021-03-08,25645214.0,79286.0,405504.0,953.0,115120054.0
2021-03-09,25728418.0,83204.0,406345.0,841.0,117609212.0
2021-03-10,25818147.0,89729.0,407145.0,800.0,120457227.0
2021-03-11,25909998.0,91851.0,407962.0,817.0,121910899.0
2021-03-12,26003809.0,93811.0,408842.0,880.0,124737050.0
2021-03-13,26092429.0,88620.0,409655.0,813.0,127215167.0
2021-03-14,26183128.0,90699.0,410460.0,805.0,140762409.0
2021-03-15,26276926.0,93798.0,411302.0,842.0,145142994.0
2021-03-16,26379183.0,102257.0,412281.0,979.0,148958640.0
2021-03-17,26494663.0,115480.0,413145.0,864.0,152602252.0
2021-03-18,26614888.0,120225.0,414108.0,963.0,155966411.0
2021-03-19,26736547.0,121659.0,415047.0,939.0,161597907.0
2021-03-20,26856229.0,119682.0,415929.0,882.0,175211296.0
2021-03-21,26981572.0,125343.0,419108.0,3179.0,176292795.0
2021-03-22,27102209.0,120637.0,420164.0,1056.0,186877638.0
2021-03-23,27236493.0,134284.0,421232.0,1068.0,193723204.0
2021-03-24,27383157.0,146664.0,422353.0,1121.0,200229609.0
2021-03-25,27538156.0,154999.0,423468.0,1115.0,209411776.0
2021-03-26,27694541.0,156385.0,424574.0,1106.0,219445153.0
2021-03-27,27847144.0,152603.0,425743.0,1169.0,227581693.0
2021-03-28,28010144.0,163000.0,426909.0,1166.0,232828948.0
2021-03-29,28162967.0,152823.0,428055.0,1146.0,239067329.0
2021-03-30,28324189.0,161222.0,429312.0,1257.0,245918781.0
2021-03-31,28507539.0,183350.0,430775.0,1463.0,256235083.0
2021-04-01,28705673.0,198134.0,432199.0,1424.0,268527928.0
2021-04-02,28916095.0,210422.0,433804.0,1605.0,280786930.0
2021-04-03,29124812.0,208717.0,435299.0,1495.0,287547509.0
2021-04-04,29349420.0,224608.0,437085.0,1786.0,294947165.0
2021-04-05,29559014.0,209594.0,438574.0,1489.0,302942925.0
2021-04-06,29804574.0,245560.0,440663.0,2089.0,312371940.0
2021-04-07,30073075.0,268501.0,442663.0,2000.0,320098922.0
2021-04-08,30353550.0,280475.0,444674.0,2011.0,332649262.0
2021-04-09,30646718.0,293168.0,446901.0,2227.0,343332988.0
2021-04-10,30935537.0,288819.0,449031.0,2130.0,352220491.0
2021-04-11,31241352.0,305815.0,451337.0,2306.0,359005591.0
2021-04-12,31544498.0,303146.0,453645.0,2308.0,369282400.0
2021-04-13,31877292.0,332794.0,456066.0,2421.0,377020193.0
2021-04-14,32234145.0,356853.0,458530.0,2464.0,385389407.0
2021-04-15,32605753.0,371608.0,461223.0,2693.0,394233814.0
2021-04-16,32994455.0,388702.0,464009.0,2786.0,401798319.0
2021-04-17,33404237.0,409782.0,466932.0,2923.0,407851290.0
2021-04-18,33819010.0,414773.0,470300.0,3368.0,413544835.0
2021-04-19,34218783.0,399773.0,473630.0,3330.0,421141716.0
2021-04-20,34667363.0,448580.0,477337.0,3707.0,426871328.0
2021-04-21,35138942.0,471579.0,481141.0,3804.0,436460157.0
2021-04-22,35621687.0,482745.0,485087.0,3946.0,448773754.0
2021-04-23,36108926.0,487239.0,489365.0,4278.0,456245373.0
2021-04-24,36582367.0,473441.0,493725.0,4360.0,461450148.0
2021-04-25,37055441.0,473074.0,498316.0,4591.0,473674022.0
2021-04-26,37496433.0,440992.0,502792.0,4476.0,483360527.0
2021-04-27,37986440.0,490007.0,507788.0,4996.0,494679575.0
2021-04-28,38493117.0,506677.0,513101.0,5313.0,508597271.0
2021-04-29,39008339.0,515222.0,518339.0,5238.0,522533207.0
2021-04-30,39526714.0,518375.0,523514.0,5175.0,538706522.0
2021-05-01,40023990.0,497276.0,528692.0,5178.0,546364296.0
2021-05-02,40501365.0,477375.0,533809.0,5117.0,552773767.0
2021-05-03,40960906.0,459541.0,538839.0,5030.0,560332328.0
2021-05-04,41447846.0,486940.0,544043.0,5204.0,571196993.0
2021-05-05,41965858.0,518012.0,549718.0,5675.0,580250206.0
2021-05-06,42490987.0,525129.0,555333.0,5615.0,593685676.0
2021-05-07,42996083.0,505096.0,561049.0,5716.0,609327676.0
2021-05-08,43494831.0,498748.0,566635.0,5586.0,621985799.0
2021-05-09,43950939.0,456108.0,572225.0,5590.0,630697648.0
2021-05-10,44370050.0,419111.0,577734.0,5509.0,645693314.0
2021-05-11,44813452.0,443402.0,583615.0,5881.0,661311921.0
2021-05-12,45266244.0,452792.0,589274.0,5659.0,676597519.0
2021-05-13,45696543.0,430299.0,594735.0,5461.0,693567656.0
2021-05-14,46095873.0,399330.0,599957.0,5222.0,709958287.0
2021-05-15,46478649.0,382776.0,605351.0,5394.0,725081799.0
2021-05-16,46834551.0,355902.0,611061.0,5710.0,741355075.0
2021-05-17,47181469.0,346918.0,616983.0,5922.0,760617788.0
2021-05-18,47533909.0,352440.0,623186.0,6203.0,779173442.0
2021-05-19,47898148.0,364239.0,628669.0,5483.0,796103000.0
2021-05-20,48244810.0,346662.0,634357.0,5688.0,818970558.0
2021-05-21,48589261.0,344451.0,640010.0,5653.0,839035078.0
2021-05-22,48909870.0,320609.0,645105.0,5095.0,857196841.0
2021-05-23,49205786.0,295916.0,650740.0,5635.0,873500423.0
2021-05-24,49482447.0,276661.0,655626.0,4886.0,895896604.0
2021-05-25,49774840.0,292393.0,661052.0,5426.0,920045864.0
2021-05-26,50066308.0,291468.0,666208.0,5156.0,945333071.0
2021-05-27,50339265.0,272957.0,671188.0,4980.0,969364593.0
2021-05-28,50596820.0,257555.0,676180.0,4992.0,992449568.0
2021-05-29,50837137.0,240317.0,680872.0,4692.0,1015906783.0
2021-05-30,51064821.0,227684.0,685380.0,4508.0,1038551057.0
2021-05-31,51266271.0,201450.0,689393.0,4013.0,1065623211.0
2021-06-01,51473778.0,207507.0,693780.0,4387.0,1093477304.0
2021-06-02,51684598.0,210820.0,698087.0,4307.0,1122406588.0
2021-06-03,51896518.0,211920.0,702169.0,4082.0,1147339143.0
2021-06-04,52091553.0,195035.0,706856.0,4687.0,1176704981.0
2021-06-05,52271982.0,180429.0,710722.0,3866.0,1200133443.0
2021-06-06,52438190.0,166208.0,714492.0,3770.0,1219598165.0
2021-06-07,52586351.0,148161.0,717776.0,3284.0,1242444418.0
2021-06-08,52745672.0,159321.0,721259.0,3483.0,1266300407.0
2021-06-09,52912527.0,166855.0,724696.0,3437.0,1290802191.0
2021-06-10,53077984.0,165457.0,733220.0,8524.0,1318982674.0
2021-06-11,53236453.0,158469.0,738478.0,5258.0,1344657491.0
2021-06-12,53383303.0,146850.0,742848.0,4370.0,1366642761.0
2021-06-13,53522883.0,139580.0,748015.0,5167.0,1387372290.0
2021-06-14,53653928.0,131045.0,751937.0,3922.0,1407151528.0
2021-06-15,53789601.0,135673.0,755623.0,3686.0,1436468832.0
2021-06-16,53929674.0,140073.0,759085.0,3462.0,1467138903.0
2021-06-17,54072654.0,142980.0,761986.0,2901.0,1499638570.0
2021-06-18,54209623.0,136969.0,764810.0,2824.0,1532304462.0
2021-06-19,54334861.0,125238.0,767493.0,2683.0,1561069796.0
2021-06-20,54465634.0,130773.0,770298.0,2805.0,1587474445.0
2021-06-21,54586944.0,121310.0,772694.0,2396.0,1622276733.0
2021-06-22,54718137.0,131193.0,775275.0,2581.0,1654905773.0
2021-06-23,54857381.0,139244.0,777933.0,2658.0,1687151969.0
2021-06-24,55000209.0,142828.0,780547.0,2614.0,1723490680.0
2021-06-25,55136072.0,135863.0,783031.0,2484.0,1758805581.0
2021-06-26,55266960.0,130888.0,785480.0,2449.0,1792112924.0
2021-06-27,55403181.0,136221.0,787934.0,2454.0,1820821648.0
2021-06-28,55532138.0,128957.0,790135.0,2201.0,1849990506.0
2021-06-29,55673534.0,141396.0,792383.0,2248.0,1880956875.0
2021-06-30,55822719.0,149185.0,794834.0,2451.0,1907520553.0
2021-07-01,55980111.0,157392.0,797225.0,2391.0,1940669249.0
2021-07-02,56127975.0,147864.0,799530.0,2305.0,1965309997.0
2021-07-03,56271057.0,143082.0,801848.0,2318.0,1991527470.0
2021-07-04,56415314.0,144257.0,804372.0,2524.0,2009876351.0
2021-07-05,56564450.0,149136.0,806423.0,2051.0,2031768818.0
2021-07-06,56730785.0,166335.0,809132.0,2709.0,2053604980.0
2021-07-07,56901606.0,170821.0,812090.0,2958.0,2074798748.0
2021-07-08,57084676.0,183070.0,815048.0,2958.0,2103297831.0
2021-07-09,57261761.0,177085.0,818191.0,3143.0,2120440040.0
2021-07-10,57432483.0,170722.0,820992.0,2801.0,2141180547.0
2021-07-11,57603834.0,171351.0,824119.0,3127.0,2155702129.0
2021-07-12,57782047.0,178213.0,828177.0,4058.0,2173841300.0
2021-07-13,57978544.0,196497.0,830799.0,2622.0,2197446980.0
2021-07-14,58187883.0,209339.0,833682.0,2883.0,2222653868.0
2021-07-15,58408807.0,220924.0,836584.0,2902.0,2246513222.0
2021-07-16,58619103.0,210296.0,839716.0,3132.0,2268781089.0
2021-07-17,58820804.0,201701.0,842656.0,2940.0,2288788635.0
2021-07-18,59005547.0,184743.0,845970.0,3314.0,2302054687.0
2021-07-19,59191627.0,186080.0,849243.0,3273.0,2325988834.0
2021-07-20,59411903.0,220276.0,855902.0,6659.0,2347853499.0
2021-07-21,59615039.0,203136.0,859209.0,3307.0,2369666298.0
2021-07-22,59819229.0,204190.0,862464.0,3255.0,2396805513.0
2021-07-23,60056799.0,237570.0,865338.0,2874.0,2423268882.0
2021-07-24,60246624.0,189825.0,869559.0,4221.0,2446287111.0
2021-07-25,60483175.0,236551.0,873581.0,4022.0,2466093092.0
2021-07-26,60696955.0,213780.0,877353.0,3772.0,2497932670.0
2021-07-27,60966200.0,269245.0,881829.0,4476.0,2527538418.0
2021-07-28,61240034.0,273834.0,886249.0,4420.0,2558181395.0
2021-07-29,61512347.0,272313.0,890912.0,4663.0,2592781737.0
2021-07-30,61769657.0,257310.0,895136.0,4224.0,2624862773.0
2021-07-31,62012244.0,242587.0,899517.0,4381.0,2648245082.0
2021-08-01,62268051.0,255807.0,903459.0,3942.0,2681449669.0
2021-08-02,62496991.0,228940.0,907412.0,3953.0,2712176681.0
2021-08-03,62779667.0,282676.0,912172.0,4760.0,2755366449.0
2021-08-04,63063920.0,284253.0,916771.0,4599.0,2789328571.0
2021-08-05,63348850.0,284930.0,922270.0,5499.0,2819855379.0
2021-08-06,63627288.0,278438.0,927006.0,4736.0,2848762268.0
2021-08-07,63886001.0,258713.0,931345.0,4339.0,2872387926.0
2021-08-08,64120768.0,234767.0,935704.0,4359.0,2896660358.0
2021-08-09,64384077.0,263309.0,940062.0,4358.0,2931057221.0
2021-08-10,64654864.0,270787.0,946015.0,5953.0,2960689732.0
2021-08-11,64947557.0,292693.0,950630.0,4615.0,2988998104.0
2021-08-12,65215272.0,267715.0,955326.0,4696.0,3012267430.0
2021-08-13,65510222.0,294950.0,959957.0,4631.0,3042433455.0
2021-08-14,65763789.0,253567.0,964255.0,4298.0,3063541856.0
2021-08-15,66020716.0,256927.0,968687.0,4432.0,3083461217.0
2021-08-16,66261504.0,240788.0,973906.0,5219.0,3114315530.0
2021-08-17,66537274.0,275770.0,978235.0,4329.0,3143201317.0
2021-08-18,66800520.0,263246.0,982551.0,4316.0,3170262225.0
2021-08-19,67068733.0,268213.0,987415.0,4864.0,3194760252.0
2021-08-20,67333053.0,264320.0,991927.0,4512.0,3220454217.0
2021-08-21,67576177.0,243124.0,996251.0,4324.0,3244671032.0
2021-08-22,67810796.0,234619.0,1000885.0,4634.0,3267713262.0
2021-08-23,68039724.0,228928.0,1005717.0,4832.0,3291102990.0
2021-08-24,68303812.0,264088.0,1010337.0,4620.0,3326734911.0
2021-08-25,68586474.0,282662.0,1014935.0,4598.0,3356653315.0
2021-08-26,68864480.0,278006.0,1019341.0,4406.0,3390320853.0
2021-08-27,69136059.0,271579.0,1023342.0,4001.0,3423891434.0
2021-08-28,69389916.0,253857.0,1027138.0,3796.0,3452704315.0
2021-08-29,69631552.0,241636.0,1030754.0,3616.0,3485353057.0
2021-08-30,69868455.0,236903.0,1034875.0,4121.0,3512665590.0
2021-08-31,70105232.0,236777.0,1037913.0,3038.0,3543449267.0
2021-09-01,70361300.0,256068.0,1043355.0,5442.0,3578781191.0
2021-09-02,70613863.0,252563.0,1046396.0,3041.0,3604055713.0
2021-09-03,70864776.0,250913.0,1050677.0,4281.0,3623262294.0
2021-09-04,71081050.0,216274.0,1054134.0,3457.0,3638641561.0
2021-09-05,71311262.0,230212.0,1057627.0,3493.0,3662843217.0
2021-09-06,71506230.0,194968.0,1061715.0,4088.0,3684049937.0
2021-09-07,71723689.0,217459.0,1065478.0,3763.0,3712466389.0
2021-09-08,71959217.0,235528.0,1069244.0,3766.0,3744021809.0
2021-09-09,72180858.0,221641.0,1072332.0,3088.0,3770772607.0
2021-09-10,72391448.0,210590.0,1075388.0,3056.0,3787094304.0
2021-09-11,72590730.0,199282.0,1078547.0,3159.0,3813365649.0
2021-09-12,72777143.0,186413.0,1081247.0,2700.0,3841109811.0
2021-09-13,72961887.0,184744.0,1084969.0,3722.0,3866245939.0
2021-09-14,73155064.0,193177.0,1087952.0,2983.0,3882797814.0
2021-09-15,73353705.0,198641.0,1091025.0,3073.0,3905339446.0
2021-09-16,73547177.0,193472.0,1094045.0,3020.0,3930081928.0
2021-09-17,73737284.0,190107.0,1096865.0,2820.0,3947997434.0
2021-09-18,73916188.0,178904.0,1099427.0,2562.0,3981293596.0
2021-09-19,74086319.0,170131.0,1101909.0,2482.0,4000011549.0
2021-09-20,74251406.0,165087.0,1104732.0,2823.0,4020929837.0
2021-09-21,74423597.0,172191.0,1107301.0,2569.0,4040687074.0
2021-09-22,74599880.0,176283.0,1109849.0,2548.0,4057874916.0
2021-09-23,74770099.0,170219.0,1112047.0,2198.0,4081237464.0
2021-09-24,74934830.0,164731.0,1114087.0,2040.0,4101781675.0
2021-09-25,75091593.0,156763.0,1116039.0,1952.0,4115467196.0
2021-09-26,75244137.0,152544.0,1117939.0,1900.0,4129736658.0
2021-09-27,75368334.0,124197.0,1120081.0,2142.0,4167313614.0
2021-09-28,75507272.0,138938.0,1122319.0,2238.0,4185042020.0
2021-09-29,75667870.0,160598.0,1124809.0,2490.0,4208409012.0
2021-09-30,75821018.0,153148.0,1126797.0,1988.0,4227662862.0
